1.00000000e+00 0.00000000e+00 0.00000000e+00 0.00000000e+00 0.00000000e+00 1.00000000e+00 0.00000000e+00 0.00000000e+00 0.00000000e+00 0.00000000e+00 1.00000000e+00 0.00000000e+00
9.99999980e-01 3.14833159e-05 -1.37067999e-04 -1.16388834e-04 -3.12736492e-05 9.99998852e-01 1.52939144e-03 -4.45093037e-04 1.37115987e-04 -1.52938714e-03 9.99998834e-01 -9.94188928e-04
9.99999949e-01 6.67208972e-05 -2.52004622e-04 -2.53232862e-04 -6.59502325e-05 9.99995372e-01 3.05689920e-03 -8.91261769e-04 2.52207396e-04 -3.05688242e-03 9.99995328e-01 -1.99203297e-03
9.99999916e-01 1.03524883e-04 -3.37089039e-04 -4.14170198e-04 -1.01979176e-04 9.99989571e-01 4.58223572e-03 -1.33861535e-03 3.37559859e-04 -4.58220103e-03 9.99989502e-01 -2.98875890e-03
9.99999900e-01 1.45509015e-04 -3.65654189e-04 -6.17244011e-04 -1.43276213e-04 9.99981447e-01 6.09894844e-03 -1.78501719e-03 3.66534830e-04 -6.09889549e-03 9.99981373e-01 -3.96806349e-03
9.99999901e-01 1.92493460e-04 -3.34681088e-04 -8.61160252e-04 -1.89941216e-04 9.99971078e-01 7.60929739e-03 -2.23097158e-03 3.36136127e-04 -7.60923317e-03 9.99971023e-01 -4.92737708e-03
9.99999905e-01 2.37705325e-04 -2.82193665e-04 -1.12122071e-03 -2.35122507e-04 9.99958446e-01 9.11770038e-03 -2.67808261e-03 2.84349246e-04 -9.11763330e-03 9.99958417e-01 -5.87833502e-03
9.99999905e-01 2.79890247e-04 -2.32352971e-04 -1.37420842e-03 -2.77403919e-04 9.99943458e-01 1.06326626e-02 -3.12851412e-03 2.35315799e-04 -1.06325973e-02 9.99943452e-01 -6.82128742e-03
9.99999908e-01 3.10965051e-04 -1.51104483e-04 -1.65324406e-03 -3.09106408e-04 9.99926162e-01 1.21486747e-02 -3.58035706e-03 1.54871137e-04 -1.21486271e-02 9.99926178e-01 -7.75524040e-03
9.99999904e-01 3.38269380e-04 -5.81775613e-05 -1.95276930e-03 -3.37443284e-04 9.99906674e-01 1.36576622e-02 -4.03125182e-03 6.27920958e-05 -1.36576416e-02 9.99906705e-01 -8.70867370e-03
9.99999886e-01 3.74346156e-04 4.58688831e-05 -2.26742224e-03 -3.74998921e-04 9.99884854e-01 1.51696202e-02 -4.48519844e-03 -4.01849197e-05 -1.51696362e-02 9.99884894e-01 -9.68944346e-03
9.99999837e-01 4.15538366e-04 2.01344518e-04 -2.61914432e-03 -4.18836738e-04 9.99860984e-01 1.66683136e-02 -4.93618711e-03 -1.94390209e-04 -1.66683962e-02 9.99861011e-01 -1.06422611e-02
9.99999776e-01 4.42108162e-04 3.45091996e-04 -2.95131305e-03 -4.48309279e-04 9.99834595e-01 1.81810758e-02 -5.39160568e-03 -3.36996934e-04 -1.81812278e-02 9.99834586e-01 -1.15567015e-02
9.99999676e-01 4.44485357e-04 5.31106529e-04 -3.31693608e-03 -4.54864798e-04 9.99805741e-01 1.97054301e-02 -5.85085626e-03 -5.22244578e-04 -1.97056674e-02 9.99805636e-01 -1.24792859e-02
9.99999488e-01 4.61887577e-04 7.66774384e-04 -3.72417282e-03 -4.78063872e-04 9.99774498e-01 2.12321912e-02 -6.31377040e-03 -7.56794551e-04 -2.12325500e-02 9.99774224e-01 -1.34227353e-02
9.99999250e-01 4.80905858e-04 9.96103117e-04 -4.13361111e-03 -5.03453460e-04 9.99740879e-01 2.27606752e-02 -6.77945816e-03 -9.84899177e-04 -2.27611640e-02 9.99740389e-01 -1.43470658e-02
9.99998975e-01 4.77016624e-04 1.22320717e-03 -4.54347241e-03 -5.06577974e-04 9.99705064e-01 2.42817913e-02 -7.24287366e-03 -1.21126356e-03 -2.42823916e-02 9.99704298e-01 -1.52522574e-02
9.99998639e-01 4.82414509e-04 1.48725122e-03 -4.97653191e-03 -5.20627486e-04 9.99666971e-01 2.58013029e-02 -7.70917228e-03 -1.47430905e-03 -2.58020466e-02 9.99665879e-01 -1.61755251e-02
9.99998175e-01 4.93722715e-04 1.77855534e-03 -5.44183276e-03 -5.42129982e-04 9.99626577e-01 2.73203171e-02 -8.17754164e-03 -1.76440268e-03 -2.73212350e-02 9.99625038e-01 -1.70798229e-02
9.99997584e-01 4.92009053e-04 2.09048303e-03 -5.92309808e-03 -5.52062152e-04 9.99584340e-01 2.88241105e-02 -8.64255827e-03 -2.07543254e-03 -2.88251980e-02 9.99582214e-01 -1.79699088e-02
9.99996797e-01 5.23377625e-04 2.43172432e-03 -6.42823852e-03 -5.96923500e-04 9.99539347e-01 3.03426943e-02 -9.11426473e-03 -2.41472375e-03 -3.03440516e-02 9.99536477e-01 -1.88994459e-02
9.99995811e-01 5.30944041e-04 2.80333016e-03 -6.96321448e-03 -6.19975526e-04 9.99492286e-01 3.18544214e-02 -9.58664724e-03 -2.78499435e-03 -3.18560294e-02 9.99488448e-01 -1.98090808e-02
9.99994721e-01 5.62966684e-04 3.16139722e-03 -7.49757269e-03 -6.68091951e-04 9.99443455e-01 3.33507846e-02 -1.00576454e-02 -3.14086270e-03 -3.33527244e-02 9.99438575e-01 -2.07492259e-02
9.99993381e-01 5.73542341e-04 3.55359922e-03 -8.05725128e-03 -6.97125961e-04 9.99391416e-01 3.48739531e-02 -1.05362131e-02 -3.53143543e-03 -3.48762045e-02 9.99385222e-01 -2.16722656e-02
9.99991991e-01 6.11151644e-04 3.91776682e-03 -8.58374213e-03 -7.53409245e-04 9.99336494e-01 3.64128574e-02 -1.10211996e-02 -3.89291410e-03 -3.64155230e-02 9.99328973e-01 -2.26124881e-02
9.99990378e-01 6.41409212e-04 4.30221201e-03 -9.12406550e-03 -8.04333027e-04 9.99278317e-01 3.79755915e-02 -1.15140567e-02 -4.27474959e-03 -3.79786930e-02 9.99269241e-01 -2.35488624e-02
9.99988469e-01 6.90285098e-04 4.71275244e-03 -9.68118250e-03 -8.75990671e-04 9.99218478e-01 3.95172589e-02 -1.20005244e-02 -4.68179144e-03 -3.95209400e-02 9.99207587e-01 -2.44863230e-02
9.99986414e-01 7.55418067e-04 5.11636528e-03 -1.02431652e-02 -9.64817655e-04 9.99156639e-01 4.10494034e-02 -1.24879062e-02 -5.08104104e-03 -4.10537924e-02 9.99143825e-01 -2.54539240e-02
9.99983922e-01 8.05163664e-04 5.57741724e-03 -1.08440353e-02 -1.04203568e-03 9.99091726e-01 4.25979792e-02 -1.29792284e-02 -5.53805336e-03 -4.26031154e-02 9.99076537e-01 -2.63753106e-02
9.99981203e-01 8.47802411e-04 6.04117857e-03 -1.14557543e-02 -1.11370260e-03 9.99024339e-01 4.41480914e-02 -1.34731255e-02 -5.99785603e-03 -4.41539979e-02 9.99006542e-01 -2.72964456e-02
9.99978216e-01 8.82172134e-04 6.51347064e-03 -1.20722358e-02 -1.17912964e-03 9.98953139e-01 4.57291381e-02 -1.39759609e-02 -6.46631149e-03 -4.57358297e-02 9.98932458e-01 -2.81955811e-02
9.99974783e-01 9.20817376e-04 7.01477635e-03 -1.27173153e-02 -1.25157622e-03 9.98880198e-01 4.72942450e-02 -1.44736609e-02 -6.96337204e-03 -4.73018401e-02 9.98856205e-01 -2.90851745e-02
9.99970729e-01 9.47418492e-04 7.57068198e-03 -1.33893505e-02 -1.31617967e-03 9.98805038e-01 4.88535628e-02 -1.49696292e-02 -7.51535120e-03 -4.88621030e-02 9.98777092e-01 -2.99546029e-02
9.99966197e-01 9.76703715e-04 8.14551187e-03 -1.40790214e-02 -1.38600767e-03 9.98728316e-01 5.03957460e-02 -1.54615806e-02 -8.08593233e-03 -5.04053367e-02 9.98695955e-01 -3.08212025e-02
9.99960854e-01 1.00675122e-03 8.77161616e-03 -1.48101879e-02 -1.46087105e-03 9.98650159e-01 5.19199283e-02 -1.59505946e-02 -8.70750568e-03 -5.19307162e-02 9.98612583e-01 -3.17040774e-02
9.99954917e-01 1.03941515e-03 9.42332187e-03 -1.55539689e-02 -1.54153965e-03 9.98570060e-01 5.34356438e-02 -1.64387682e-02 -9.35430595e-03 -5.34477647e-02 9.98526693e-01 -3.25927735e-02
9.99948464e-01 1.07501543e-03 1.00831648e-02 -1.63028367e-02 -1.62757997e-03 9.98487510e-01 5.49536253e-02 -1.69300756e-02 -1.00088393e-02 -5.49672056e-02 9.98437853e-01 -3.34794254e-02
9.99941358e-01 1.12346607e-03 1.07606311e-02 -1.70606079e-02 -1.72920826e-03 9.98403884e-01 5.64496468e-02 -1.74184116e-02 -1.06800377e-02 -5.64649440e-02 9.98347335e-01 -3.43950365e-02
9.99933194e-01 1.15872845e-03 1.14884479e-02 -1.78472984e-02 -1.82250532e-03 9.98318546e-01 5.79367606e-02 -1.79044955e-02 -1.14019982e-02 -5.79538309e-02 9.98254023e-01 -3.52975874e-02
9.99923592e-01 1.19077491e-03 1.22908142e-02 -1.86812874e-02 -1.91873048e-03 9.98233167e-01 5.93868688e-02 -1.83802031e-02 -1.21983823e-02 -5.94059198e-02 9.98159240e-01 -3.61837961e-02
9.99912841e-01 1.21691259e-03 1.31341541e-02 -1.95438614e-02 -2.01353947e-03 9.98147204e-01 6.08113890e-02 -1.88485175e-02 -1.30358175e-02 -6.08325404e-02 9.98062721e-01 -3.70502184e-02
9.99901598e-01 1.24529016e-03 1.39624464e-02 -2.04000933e-02 -2.11236365e-03 9.98057786e-01 6.22587433e-02 -1.93244409e-02 -1.38577981e-02 -6.22821144e-02 9.97962271e-01 -3.79038032e-02
9.99889695e-01 1.27558641e-03 1.47888588e-02 -2.12562976e-02 -2.21535257e-03 9.97966348e-01 6.37044459e-02 -1.98006407e-02 -1.46775223e-02 -6.37301830e-02 9.97859161e-01 -3.87636898e-02
9.99876314e-01 1.30350425e-03 1.56635458e-02 -2.21342227e-02 -2.32158412e-03 9.97872431e-01 6.51555097e-02 -2.02794647e-02 -1.55452891e-02 -6.51838197e-02 9.97752106e-01 -3.96228441e-02
9.99862048e-01 1.33074337e-03 1.65485885e-02 -2.30174404e-02 -2.43033161e-03 9.97776512e-01 6.66046028e-02 -2.07595715e-02 -1.64231579e-02 -6.66356342e-02 9.97642174e-01 -4.05049135e-02
9.99845525e-01 1.35547243e-03 1.75170753e-02 -2.39462183e-02 -2.54479365e-03 9.97678558e-01 6.80521778e-02 -2.12387870e-02 -1.73841657e-02 -6.80862427e-02 9.97527966e-01 -4.13849546e-02
9.99828123e-01 1.38148511e-03 1.84823713e-02 -2.48728927e-02 -2.66304260e-03 9.97578758e-01 6.94956890e-02 -2.17188469e-02 -1.83416111e-02 -6.95329619e-02 9.97411054e-01 -4.22562700e-02
9.99807870e-01 1.38459968e-03 1.95485322e-02 -2.58691205e-02 -2.76842288e-03 9.97476777e-01 7.09406418e-02 -2.22010673e-02 -1.94009792e-02 -7.09811248e-02 9.97289045e-01 -4.31285628e-02
9.99785548e-01 1.37487406e-03 2.06584602e-02 -2.68956341e-02 -2.86679846e-03 9.97374270e-01 7.23635799e-02 -2.26753438e-02 -2.05047229e-02 -7.24072818e-02 9.97164402e-01 -4.40074273e-02
9.99761479e-01 1.37301510e-03 2.17929194e-02 -2.79449627e-02 -2.97767907e-03 9.97270790e-01 7.37717361e-02 -2.31451944e-02 -2.16321488e-02 -7.38190272e-02 9.97037089e-01 -4.48892789e-02
9.99736435e-01 1.38574827e-03 2.29110164e-02 -2.89970658e-02 -3.10455710e-03 9.97166967e-01 7.51567246e-02 -2.36081222e-02 -2.27419579e-02 -7.52080435e-02 9.96908533e-01 -4.57544972e-02
9.99709456e-01 1.38354309e-03 2.40594873e-02 -3.00696419e-02 -3.22121076e-03 9.97063692e-01 7.65101486e-02 -2.40624272e-02 -2.38829824e-02 -7.65654192e-02 9.96778541e-01 -4.66355171e-02
9.99679645e-01 1.37309763e-03 2.52678615e-02 -3.11797437e-02 -3.33681193e-03 9.96960469e-01 7.78387846e-02 -2.45100885e-02 -2.50841751e-02 -7.78981642e-02 9.96645753e-01 -4.75330386e-02
9.99648039e-01 1.35631813e-03 2.64907458e-02 -3.22984384e-02 -3.45077821e-03 9.96854515e-01 7.91790596e-02 -2.49620031e-02 -2.63000249e-02 -7.92426025e-02 9.96508425e-01 -4.84186423e-02
9.99615734e-01 1.32741277e-03 2.76844814e-02 -3.33925072e-02 -3.55309210e-03 9.96748275e-01 8.05010912e-02 -2.54115348e-02 -2.74875979e-02 -8.05685195e-02 9.96370060e-01 -4.93019644e-02
9.99578579e-01 1.29640321e-03 2.89955990e-02 -3.45663620e-02 -3.66599575e-03 9.96640527e-01 8.18194367e-02 -2.58615939e-02 -2.87921144e-02 -8.18912546e-02 9.96225359e-01 -5.01911370e-02
9.99537410e-01 1.27960070e-03 3.03822093e-02 -3.57852571e-02 -3.80272974e-03 9.96531198e-01 8.31344909e-02 -2.63118279e-02 -3.01704359e-02 -8.32115707e-02 9.96075163e-01 -5.10974577e-02
9.99493960e-01 1.29381457e-03 3.17782639e-02 -3.70021229e-02 -3.97423474e-03 9.96421582e-01 8.44300262e-02 -2.67578801e-02 -3.15553078e-02 -8.45136006e-02 9.95922582e-01 -5.20114286e-02
9.99447706e-01 1.31066319e-03 3.32005179e-02 -3.82491189e-02 -4.15300509e-03 9.96313444e-01 8.56878381e-02 -2.71934598e-02 -3.29658133e-02 -8.57783998e-02 9.95768721e-01 -5.29339933e-02
9.99399175e-01 1.31367195e-03 3.46302884e-02 -3.95145323e-02 -4.32145968e-03 9.96205704e-01 8.69232241e-02 -2.76248464e-02 -3.43847012e-02 -8.70206579e-02 9.95612928e-01 -5.38645865e-02
9.99349703e-01 1.31596217e-03 3.60289166e-02 -4.07588217e-02 -4.48987105e-03 9.96096722e-01 8.81549224e-02 -2.80568174e-02 -3.57722762e-02 -8.82593710e-02 9.95454968e-01 -5.47939235e-02
9.99296135e-01 1.31715275e-03 3.74855624e-02 -4.20451626e-02 -4.66601374e-03 9.95985759e-01 8.93908081e-02 -2.84902836e-02 -3.72173443e-02 -8.95028053e-02 9.95290963e-01 -5.57255359e-02
9.99239729e-01 1.33386893e-03 3.89592699e-02 -4.33434487e-02 -4.86209427e-03 9.95874819e-01 9.06082718e-02 -2.89211970e-02 -3.86776942e-02 -9.07288189e-02 9.95124271e-01 -5.66735602e-02
9.99180335e-01 1.34907292e-03 4.04537448e-02 -4.46557914e-02 -5.06161163e-03 9.95763623e-01 9.18111696e-02 -2.93497272e-02 -4.01585076e-02 -9.19406839e-02 9.94954365e-01 -5.76212254e-02
9.99117333e-01 1.36737439e-03 4.19809638e-02 -4.59958327e-02 -5.26978052e-03 9.95653403e-01 9.29873524e-02 -2.97728481e-02 -4.16713406e-02 -9.31265088e-02 9.94781888e-01 -5.85886369e-02
9.99048793e-01 1.40088116e-03 4.35798598e-02 -4.73943417e-02 -5.50224378e-03 9.95544314e-01 9.41345669e-02 -3.01887284e-02 -4.32538117e-02 -9.42848201e-02 9.94605170e-01 -5.95646730e-02
9.98976337e-01 1.42207177e-03 4.52092301e-02 -4.88222517e-02 -5.72951203e-03 9.95432952e-01 9.52918403e-02 -3.06065539e-02 -4.48672445e-02 -9.54533312e-02 9.94422235e-01 -6.05430013e-02
9.98899511e-01 1.43082379e-03 4.68753763e-02 -5.02904868e-02 -5.95239824e-03 9.95318879e-01 9.64626468e-02 -3.10335068e-02 -4.65179240e-02 -9.66355259e-02 9.94232184e-01 -6.15333592e-02
9.98818036e-01 1.41861786e-03 4.85803492e-02 -5.17989898e-02 -6.16148386e-03 9.95204841e-01 9.76194584e-02 -3.14554235e-02 -4.82089095e-02 -9.78034217e-02 9.94037413e-01 -6.25233275e-02
9.98729605e-01 1.40995037e-03 5.03661106e-02 -5.33544344e-02 -6.38591644e-03 9.95089637e-01 9.87723266e-02 -3.18734827e-02 -4.99795294e-02 -9.89684969e-02 9.93834615e-01 -6.35156800e-02
9.98637219e-01 1.41310436e-03 5.21654972e-02 -5.49451360e-02 -6.62735553e-03 9.94973550e-01 9.99189808e-02 -3.22906973e-02 -5.17620953e-02 -1.00128551e-01 9.93627119e-01 -6.45101079e-02
9.98541472e-01 1.42201530e-03 5.39666857e-02 -5.65473039e-02 -6.87846892e-03 9.94856843e-01 1.01057449e-01 -3.27069584e-02 -5.35454244e-02 -1.01281284e-01 9.93415737e-01 -6.54957655e-02
9.98438842e-01 1.40376375e-03 5.58334241e-02 -5.81902421e-02 -7.11366697e-03 9.94738430e-01 1.02200148e-01 -3.31238166e-02 -5.53961931e-02 -1.02437803e-01 9.93195613e-01 -6.64771947e-02
9.98330884e-01 1.37683333e-03 5.77319516e-02 -5.98617199e-02 -7.34819596e-03 9.94618049e-01 1.03348454e-01 -3.35433673e-02 -5.72789561e-02 -1.03600207e-01 9.92968176e-01 -6.74613945e-02
9.98215635e-01 1.37614269e-03 5.96912382e-02 -6.15986854e-02 -7.61642483e-03 9.94501794e-01 1.04441759e-01 -3.39485395e-02 -5.92193285e-02 -1.04710063e-01 9.92737868e-01 -6.84691524e-02
9.98097404e-01 1.38847029e-03 6.16364571e-02 -6.33532377e-02 -7.89918021e-03 9.94386452e-01 1.05513448e-01 -3.43474874e-02 -6.11439678e-02 -1.05799606e-01 9.92505657e-01 -6.94885223e-02
9.97977648e-01 1.39471726e-03 6.35461475e-02 -6.51087628e-02 -8.17474117e-03 9.94272638e-01 1.06560041e-01 -3.47386358e-02 -6.30335838e-02 -1.06864038e-01 9.92273428e-01 -7.05044616e-02
9.97850110e-01 1.43468498e-03 6.55176924e-02 -6.69163337e-02 -8.49124819e-03 9.94162982e-01 1.07553894e-01 -3.51153794e-02 -6.49809653e-02 -1.07879014e-01 9.92037993e-01 -7.15217140e-02
9.97714434e-01 1.49099102e-03 6.75511932e-02 -6.87665089e-02 -8.83406314e-03 9.94053199e-01 1.08536175e-01 -3.54900384e-02 -6.69876643e-02 -1.08884880e-01 9.91794580e-01 -7.25387426e-02
9.97571292e-01 1.56465794e-03 6.96310294e-02 -7.06650582e-02 -9.20115282e-03 9.93945696e-01 1.09485978e-01 -3.58555925e-02 -6.90381653e-02 -1.09860780e-01 9.91546293e-01 -7.35552897e-02
9.97423521e-01 1.63502329e-03 7.17153244e-02 -7.25806214e-02 -9.56959654e-03 9.93837037e-01 1.10436571e-01 -3.62212170e-02 -7.10927910e-02 -1.10838340e-01 9.91292307e-01 -7.45573280e-02
9.97271623e-01 1.69630644e-03 7.37956969e-02 -7.45051938e-02 -9.93319314e-03 9.93726550e-01 1.11394402e-01 -3.65915961e-02 -7.31437978e-02 -1.11823529e-01 9.91032379e-01 -7.55441991e-02
9.97112596e-01 1.76420832e-03 7.59127137e-02 -7.64681331e-02 -1.03098287e-02 9.93617636e-01 1.12327860e-01 -3.69522942e-02 -7.52300533e-02 -1.12786193e-01 9.90767110e-01 -7.65032265e-02
9.96947461e-01 1.81019861e-03 7.80506893e-02 -7.84741047e-02 -1.06703182e-02 9.93509081e-01 1.13250754e-01 -3.73130781e-02 -7.73390711e-02 -1.13737893e-01 9.90495946e-01 -7.74644740e-02
9.96776192e-01 1.86226566e-03 8.02068811e-02 -8.05016450e-02 -1.10405135e-02 9.93403068e-01 1.14141606e-01 -3.76691095e-02 -7.94652101e-02 -1.14659180e-01 9.90221378e-01 -7.84330473e-02
9.96605605e-01 1.91405284e-03 8.22981969e-02 -8.24984287e-02 -1.14065701e-02 9.93296626e-01 1.15028415e-01 -3.80237887e-02 -8.15263621e-02 -1.15576721e-01 9.89947124e-01 -7.93951899e-02
9.96429954e-01 1.95464930e-03 8.43971668e-02 -8.45017959e-02 -1.17675330e-02 9.93187530e-01 1.15930320e-01 -3.83857343e-02 -8.35956255e-02 -1.16509610e-01 9.89665126e-01 -8.03763710e-02
9.96248007e-01 1.98957394e-03 8.65176406e-02 -8.65366588e-02 -1.21265981e-02 9.93081272e-01 1.16800369e-01 -3.87396180e-02 -8.56866794e-02 -1.17411319e-01 9.89379697e-01 -8.13486835e-02
9.96062383e-01 2.02408001e-03 8.86285374e-02 -8.85844736e-02 -1.24854019e-02 9.92977532e-01 1.17641279e-01 -3.90837389e-02 -8.77680496e-02 -1.18284629e-01 9.89093183e-01 -8.22906558e-02
9.95874628e-01 2.05330049e-03 9.07133965e-02 -9.06346416e-02 -1.28391755e-02 9.92873507e-01 1.18478005e-01 -3.94273056e-02 -8.98236802e-02 -1.19153934e-01 9.88804253e-01 -8.32393908e-02
9.95686159e-01 2.04151582e-03 9.27592054e-02 -9.26828733e-02 -1.31533944e-02 9.92766138e-01 1.19340245e-01 -3.97739951e-02 -9.18445837e-02 -1.20045544e-01 9.88510716e-01 -8.41870357e-02
9.95488973e-01 2.02995896e-03 9.48522145e-02 -9.47913216e-02 -1.34761690e-02 9.92659270e-01 1.20190364e-01 -4.01167140e-02 -9.39119649e-02 -1.20926442e-01 9.88209080e-01 -8.51265529e-02
9.95291661e-01 1.97860292e-03 9.69014616e-02 -9.68938680e-02 -1.37577820e-02 9.92551950e-01 1.21041956e-01 -4.04585133e-02 -9.59402530e-02 -1.21805222e-01 9.87906267e-01 -8.60424550e-02
9.95094303e-01 1.91476181e-03 9.89088108e-02 -9.89883054e-02 -1.40228367e-02 9.92447232e-01 1.21867277e-01 -4.07936529e-02 -9.79284442e-02 -1.22656440e-01 9.87605803e-01 -8.69320099e-02
9.94897138e-01 1.86451671e-03 1.00873864e-01 -1.01101868e-01 -1.42940729e-02 9.92348496e-01 1.22637156e-01 -4.11134999e-02 -9.98733892e-02 -1.23453274e-01 9.87311698e-01 -8.78140422e-02
9.94700354e-01 1.81602165e-03 1.02796891e-01 -1.03206032e-01 -1.45680750e-02 9.92245354e-01 1.23436929e-01 -4.14410264e-02 -1.01775593e-01 -1.24280335e-01 9.87013630e-01 -8.86861388e-02
9.94501135e-01 1.77103461e-03 1.04707485e-01 -1.05322183e-01 -1.48479618e-02 9.92140564e-01 1.24243286e-01 -4.17678969e-02 -1.03664523e-01 -1.25114805e-01 9.86711584e-01 -8.95388902e-02
9.94291665e-01 1.73803511e-03 1.06678819e-01 -1.07483836e-01 -1.51548004e-02 9.92029898e-01 1.25086785e-01 -4.21061135e-02 -1.05611199e-01 -1.25989467e-01 9.86393774e-01 -9.03621749e-02
9.94073238e-01 1.68310345e-03 1.08695960e-01 -1.09696377e-01 -1.54466173e-02 9.91921640e-01 1.25906826e-01 -4.24389659e-02 -1.07605991e-01 -1.26839622e-01 9.86069132e-01 -9.11904957e-02
9.93839132e-01 1.63648384e-03 1.10816660e-01 -1.11992894e-01 -1.57607162e-02 9.91815641e-01 1.26700515e-01 -4.27660338e-02 -1.09702382e-01 -1.27666512e-01 9.85731365e-01 -9.20159899e-02
9.93601787e-01 1.60073032e-03 1.12925568e-01 -1.14308359e-01 -1.60847007e-02 9.91712146e-01 1.27467363e-01 -4.30804060e-02 -1.11785653e-01 -1.28468203e-01 9.85393089e-01 -9.28012563e-02
9.93348169e-01 1.54623382e-03 1.15135685e-01 -1.16737700e-01 -1.64012969e-02 9.91614167e-01 1.28187294e-01 -4.33840318e-02 -1.13972004e-01 -1.29223025e-01 9.85043858e-01 -9.35765530e-02
9.93079334e-01 1.52128756e-03 1.17432292e-01 -1.19240765e-01 -1.67597993e-02 9.91517563e-01 1.28886430e-01 -4.36788568e-02 -1.16240137e-01 -1.29962625e-01 9.84681482e-01 -9.43198467e-02
9.92804201e-01 1.53856305e-03 1.19735744e-01 -1.21737644e-01 -1.71622170e-02 9.91422431e-01 1.29563285e-01 -4.39638714e-02 -1.18509398e-01 -1.30685940e-01 9.84315156e-01 -9.50409264e-02
9.92531069e-01 1.56240528e-03 1.21978870e-01 -1.24193913e-01 -1.75735246e-02 9.91319109e-01 1.30296568e-01 -4.42681940e-02 -1.20716448e-01 -1.31467023e-01 9.83942881e-01 -9.58117653e-02
9.92236158e-01 1.60962511e-03 1.24354341e-01 -1.26752173e-01 -1.80269333e-02 9.91217116e-01 1.31008606e-01 -4.45763008e-02 -1.23051315e-01 -1.32233237e-01 9.83550909e-01 -9.66116000e-02
9.91921240e-01 1.66197438e-03 1.26841231e-01 -1.29374988e-01 -1.85052226e-02 9.91112965e-01 1.31727838e-01 -4.48984830e-02 -1.25495100e-01 -1.33010893e-01 9.83137207e-01 -9.74303492e-02
9.91597359e-01 1.63113722e-03 1.29349387e-01 -1.32011698e-01 -1.89105444e-02 9.91006091e-01 1.32472064e-01 -4.52231735e-02 -1.27969996e-01 -1.33805039e-01 9.82710325e-01 -9.82168372e-02
9.91266059e-01 1.60145867e-03 1.31864651e-01 -1.34669215e-01 -1.93191192e-02 9.90901513e-01 1.33193396e-01 -4.55396973e-02 -1.30451626e-01 -1.34577623e-01 9.82278437e-01 -9.90099395e-02
9.90908834e-01 1.58982712e-03 1.34522720e-01 -1.37475882e-01 -1.97692416e-02 9.90795648e-01 1.33912870e-01 -4.58619253e-02 -1.33071678e-01 -1.35354885e-01 9.81820060e-01 -9.98047970e-02
9.90543918e-01 1.58742319e-03 1.37183708e-01 -1.40258588e-01 -2.02376506e-02 9.90684460e-01 1.34663577e-01 -4.61913694e-02 -1.35692045e-01 -1.36166497e-01 9.81349073e-01 -1.00574302e-01
9.90165823e-01 1.56617711e-03 1.39886641e-01 -1.43106739e-01 -2.06969406e-02 9.90573245e-01 1.35409583e-01 -4.65212249e-02 -1.38355943e-01 -1.36973208e-01 9.80864677e-01 -1.01313434e-01
9.89775493e-01 1.57008975e-03 1.42622152e-01 -1.46015925e-01 -2.11874224e-02 9.90463604e-01 1.36133664e-01 -4.68419763e-02 -1.41048368e-01 -1.37763602e-01 9.80370370e-01 -1.02057474e-01
9.89379091e-01 1.55064545e-03 1.45346906e-01 -1.48904332e-01 -2.16599721e-02 9.90351286e-01 1.36874190e-01 -4.71668502e-02 -1.43732321e-01 -1.38568706e-01 9.79866954e-01 -1.02802947e-01
9.88940573e-01 1.59258497e-03 1.48300795e-01 -1.51974293e-01 -2.22323380e-02 9.90234989e-01 1.37621847e-01 -4.75133628e-02 -1.46633526e-01 -1.39396933e-01 9.79319502e-01 -1.03570103e-01
9.88474463e-01 1.70803266e-03 1.51374958e-01 -1.55117368e-01 -2.29007265e-02 9.90115584e-01 1.38369235e-01 -4.78651590e-02 -1.49642427e-01 -1.40241084e-01 9.78743681e-01 -1.04325150e-01
9.87998194e-01 1.82167631e-03 1.54451375e-01 -1.58250368e-01 -2.35716737e-02 9.89996395e-01 1.39107367e-01 -4.82098874e-02 -1.52652952e-01 -1.41078541e-01 9.78158243e-01 -1.05095348e-01
9.87545275e-01 2.02499483e-03 1.57318999e-01 -1.61307778e-01 -2.42955651e-02 9.89885602e-01 1.39769921e-01 -4.85310754e-02 -1.55444828e-01 -1.41851309e-01 9.77606684e-01 -1.05903269e-01
9.87058009e-01 2.10299793e-03 1.60346769e-01 -1.64480815e-01 -2.49227679e-02 9.89775487e-01 1.40437692e-01 -4.88408897e-02 -1.58412009e-01 -1.42616461e-01 9.77018910e-01 -1.06634679e-01
9.86601305e-01 2.21172932e-03 1.63131781e-01 -1.67542411e-01 -2.55407608e-02 9.89672694e-01 1.41049581e-01 -4.91179872e-02 -1.61135155e-01 -1.43326234e-01 9.76469585e-01 -1.07378224e-01
9.86119258e-01 2.40080821e-03 1.66018374e-01 -1.70722377e-01 -2.62603239e-02 9.89565034e-01 1.41671449e-01 -4.93794527e-02 -1.63945906e-01 -1.44064660e-01 9.75892884e-01 -1.08032234e-01
9.85606275e-01 2.52703586e-03 1.69035316e-01 -1.73991224e-01 -2.69488254e-02 9.89450550e-01 1.42340445e-01 -4.96550343e-02 -1.66892440e-01 -1.44846968e-01 9.75277420e-01 -1.08671822e-01
9.85082063e-01 2.66139792e-03 1.72062022e-01 -1.77237277e-01 -2.76514646e-02 9.89335177e-01 1.43006308e-01 -4.99291649e-02 -1.69846465e-01 -1.45630745e-01 9.74650532e-01 -1.09292075e-01
9.84523849e-01 2.73174433e-03 1.75226476e-01 -1.80568101e-01 -2.83281944e-02 9.89209292e-01 1.43742691e-01 -5.02284043e-02 -1.72943039e-01 -1.46481996e-01 9.73978173e-01 -1.09901597e-01
9.83938625e-01 2.79565482e-03 1.78482357e-01 -1.83976335e-01 -2.90163394e-02 9.89083518e-01 1.44469024e-01 -5.05279096e-02 -1.76130119e-01 -1.47327591e-01 9.73279290e-01 -1.10503808e-01
9.83332349e-01 2.85148631e-03 1.81791983e-01 -1.87440119e-01 -2.97068847e-02 9.88959568e-01 1.45175541e-01 -5.08173321e-02 -1.79370996e-01 -1.48156310e-01 9.72561379e-01 -1.11044765e-01
9.82697459e-01 2.87929394e-03 1.85192654e-01 -1.91004214e-01 -3.03876534e-02 9.88836157e-01 1.45873690e-01 -5.11063152e-02 -1.82705212e-01 -1.48977311e-01 9.71815040e-01 -1.11532845e-01
9.82064286e-01 2.92640637e-03 1.88520632e-01 -1.94543895e-01 -3.10730197e-02 9.88719063e-01 1.46521506e-01 -5.13793892e-02 -1.85965193e-01 -1.49751483e-01 9.71077414e-01 -1.12041951e-01
9.81414495e-01 3.03553218e-03 1.91873180e-01 -1.98127543e-01 -3.18235090e-02 9.88604183e-01 1.47134308e-01 -5.16448184e-02 -1.89240042e-01 -1.50505855e-01 9.70327824e-01 -1.12544879e-01
9.80797013e-01 3.12652606e-03 1.95003335e-01 -2.01587023e-01 -3.25222036e-02 9.88493101e-01 1.47726427e-01 -5.19058543e-02 -1.92297632e-01 -1.51231617e-01 9.69613562e-01 -1.13077235e-01
9.80171519e-01 3.17441390e-03 1.98122610e-01 -2.05038660e-01 -3.31744105e-02 9.88387429e-01 1.48287359e-01 -5.21563955e-02 -1.95351221e-01 -1.51919683e-01 9.68895349e-01 -1.13563432e-01
9.79527665e-01 3.18647296e-03 2.01281459e-01 -2.08541031e-01 -3.37960252e-02 9.88286097e-01 1.48821527e-01 -5.23945252e-02 -1.98449493e-01 -1.52577355e-01 9.68162114e-01 -1.13997566e-01
9.78875870e-01 3.17984953e-03 2.04427664e-01 -2.12068081e-01 -3.43982265e-02 9.88186999e-01 1.49340485e-01 -5.26259616e-02 -2.01537933e-01 -1.53217794e-01 9.67422656e-01 -1.14415181e-01
9.78198708e-01 3.17325707e-03 2.07643666e-01 -2.15653764e-01 -3.50120517e-02 9.88089819e-01 1.49839866e-01 -5.28534032e-02 -2.04695174e-01 -1.53843252e-01 9.66660168e-01 -1.14801707e-01
9.77511354e-01 3.16840330e-03 2.10855694e-01 -2.19211964e-01 -3.56336161e-02 9.87990233e-01 1.50348941e-01 -5.30839346e-02 -2.07847073e-01 -1.54481413e-01 9.65885469e-01 -1.15185071e-01
9.76795865e-01 3.15031136e-03 2.14145996e-01 -2.22843538e-01 -3.62577257e-02 9.87890885e-01 1.50851521e-01 -5.33135419e-02 -2.11077733e-01 -1.55115655e-01 9.65082866e-01 -1.15552244e-01
9.76026350e-01 3.09861325e-03 2.17626960e-01 -2.26604893e-01 -3.68863851e-02 9.87788929e-01 1.51366020e-01 -5.35512285e-02 -2.14500554e-01 -1.55764772e-01 9.64223238e-01 -1.15890902e-01
9.75213859e-01 3.07273727e-03 2.21239731e-01 -2.30458635e-01 -3.75676205e-02 9.87684579e-01 1.51878642e-01 -5.37898952e-02 -2.18048458e-01 -1.56425681e-01 9.63320057e-01 -1.16201269e-01
9.74387226e-01 3.07754199e-03 2.24852314e-01 -2.34312800e-01 -3.82848269e-02 9.87578475e-01 1.52388716e-01 -5.40316124e-02 -2.21590388e-01 -1.57094127e-01 9.62402629e-01 -1.16524278e-01
9.73568506e-01 3.07241781e-03 2.28371105e-01 -2.38106378e-01 -3.89834035e-02 9.87471326e-01 1.52905137e-01 -5.42714355e-02 -2.25040189e-01 -1.57766393e-01 9.61491734e-01 -1.16836898e-01
9.72760382e-01 3.05596018e-03 2.31789291e-01 -2.41856288e-01 -3.96623217e-02 9.87362072e-01 1.53435144e-01 -5.45138122e-02 -2.28391122e-01 -1.58449023e-01 9.60588909e-01 -1.17157993e-01
9.71955466e-01 2.99554056e-03 2.35142533e-01 -2.45582614e-01 -4.02845569e-02 9.87258575e-01 1.53938342e-01 -5.47494176e-02 -2.31685403e-01 -1.59093912e-01 9.59693047e-01 -1.17479240e-01
9.71171965e-01 2.93830812e-03 2.38358570e-01 -2.49239701e-01 -4.08959416e-02 9.87152231e-01 1.54458327e-01 -5.49855537e-02 -2.34842393e-01 -1.59753578e-01 9.58815751e-01 -1.17795225e-01
9.70374091e-01 2.91621416e-03 2.41586571e-01 -2.52923830e-01 -4.15536336e-02 9.87040983e-01 1.54992800e-01 -5.52203866e-02 -2.38003899e-01 -1.60439874e-01 9.57921210e-01 -1.18074981e-01
9.69538779e-01 2.88596411e-03 2.44917698e-01 -2.56701150e-01 -4.22328241e-02 9.86923684e-01 1.55554974e-01 -5.54526875e-02 -2.41266208e-01 -1.61160220e-01 9.56983721e-01 -1.18312828e-01
9.68710112e-01 2.77738930e-03 2.48176315e-01 -2.60436523e-01 -4.28265945e-02 9.86808499e-01 1.56122207e-01 -5.56811614e-02 -2.44468954e-01 -1.61865776e-01 9.56051377e-01 -1.18558196e-01
9.67853189e-01 2.71091202e-03 2.51498241e-01 -2.64238104e-01 -4.34735716e-02 9.86694006e-01 1.56666003e-01 -5.58974803e-02 -2.47727177e-01 -1.62563280e-01 9.55093864e-01 -1.18771856e-01
9.67005560e-01 2.63685886e-03 2.54738675e-01 -2.67980184e-01 -4.41172987e-02 9.86570909e-01 1.57260208e-01 -5.61295004e-02 -2.50903166e-01 -1.63309941e-01 9.54136970e-01 -1.18992514e-01
9.66131076e-01 2.59449798e-03 2.58035712e-01 -2.71799935e-01 -4.48018400e-02 9.86449418e-01 1.57827532e-01 -5.63472403e-02 -2.54129785e-01 -1.64042631e-01 9.53156782e-01 -1.19181527e-01
9.65237016e-01 2.54354762e-03 2.61360655e-01 -2.75643395e-01 -4.54914748e-02 9.86324995e-01 1.58406874e-01 -5.65653360e-02 -2.57383715e-01 -1.64789941e-01 9.52154231e-01 -1.19331331e-01
9.64328189e-01 2.44507164e-03 2.64695114e-01 -2.79508779e-01 -4.61294150e-02 9.86208397e-01 1.58947315e-01 -5.67650264e-02 -2.60656001e-01 -1.65487691e-01 9.51142481e-01 -1.19447380e-01
9.63387520e-01 2.28429666e-03 2.68100082e-01 -2.83426259e-01 -4.67154766e-02 9.86097220e-01 1.59465081e-01 -5.69547057e-02 -2.64008579e-01 -1.66151168e-01 9.50101601e-01 -1.19524957e-01
9.62451885e-01 2.13292433e-03 2.71441008e-01 -2.87309213e-01 -4.73000941e-02 9.85988387e-01 1.59964997e-01 -5.71378948e-02 -2.67296584e-01 -1.66797873e-01 9.49068403e-01 -1.19601621e-01
9.61492078e-01 2.01786996e-03 2.74822417e-01 -2.91258275e-01 -4.79372511e-02 9.85874839e-01 1.60474370e-01 -5.73165758e-02 -2.70616788e-01 -1.67469133e-01 9.48008717e-01 -1.19630341e-01
9.60535419e-01 1.89774947e-03 2.78148353e-01 -2.95160825e-01 -4.85789088e-02 9.85752342e-01 1.61033090e-01 -5.74982636e-02 -2.73879877e-01 -1.68190206e-01 9.46943375e-01 -1.19606618e-01
9.59538996e-01 1.80770935e-03 2.81567047e-01 -2.99123862e-01 -4.92733405e-02 9.85626990e-01 1.61588528e-01 -5.76743319e-02 -2.77228054e-01 -1.68924325e-01 9.45837764e-01 -1.19518411e-01
9.58542604e-01 1.65399411e-03 2.84941606e-01 -3.03006072e-01 -4.99077864e-02 9.85499684e-01 1.62169261e-01 -5.78555666e-02 -2.80541715e-01 -1.69667029e-01 9.44727144e-01 -1.19406879e-01
9.57504574e-01 1.49305523e-03 2.88411404e-01 -3.07005545e-01 -5.05417637e-02 9.85380873e-01 1.62693917e-01 -5.80205983e-02 -2.83952264e-01 -1.70357069e-01 9.43583320e-01 -1.19279004e-01
9.56423563e-01 1.30217738e-03 2.91977054e-01 -3.11086157e-01 -5.11647948e-02 9.85264096e-01 1.63205511e-01 -5.81830883e-02 -2.87462093e-01 -1.71032630e-01 9.42397587e-01 -1.19083241e-01
9.55338250e-01 1.17431002e-03 2.95509238e-01 -3.15161505e-01 -5.18684368e-02 9.85133887e-01 1.63768443e-01 -5.83523078e-02 -2.90923957e-01 -1.71781959e-01 9.41198168e-01 -1.18853754e-01
9.54261887e-01 1.09907279e-03 2.98967039e-01 -3.19187784e-01 -5.26153414e-02 9.85002427e-01 1.64320011e-01 -5.85158672e-02 -2.94302762e-01 -1.72534675e-01 9.40009298e-01 -1.18616913e-01
9.53123859e-01 1.04303619e-03 3.02575670e-01 -3.23349477e-01 -5.34125365e-02 9.84869878e-01 1.64856457e-01 -5.86797159e-02 -2.97825809e-01 -1.73290057e-01 9.38759915e-01 -1.18363334e-01
9.51984434e-01 9.59286128e-04 3.06142068e-01 -3.27483756e-01 -5.41850353e-02 9.84734986e-01 1.65409199e-01 -5.88538759e-02 -3.01310228e-01 -1.74055394e-01 9.37505605e-01 -1.18080509e-01
9.50843835e-01 9.22750777e-04 3.09666541e-01 -3.31607369e-01 -5.49702054e-02 9.84616577e-01 1.65854456e-01 -5.89903728e-02 -3.04749856e-01 -1.74724215e-01 9.36268602e-01 -1.17803690e-01
9.49711461e-01 8.56837164e-04 3.13122366e-01 -3.35686544e-01 -5.57053511e-02 9.84506420e-01 1.66262473e-01 -5.91209544e-02 -3.08128621e-01 -1.75344061e-01 9.35046053e-01 -1.17542182e-01
9.48531567e-01 8.55849148e-04 3.16678595e-01 -3.39824182e-01 -5.65335619e-02 9.84389930e-01 1.66671919e-01 -5.92486738e-02 -3.11592692e-01 -1.75996634e-01 9.33774639e-01 -1.17244068e-01
9.47312364e-01 8.75335536e-04 3.20307330e-01 -3.44043945e-01 -5.74153476e-02 9.84263491e-01 1.67116863e-01 -5.93798290e-02 -3.15120644e-01 -1.76702515e-01 9.32456509e-01 -1.16890985e-01
9.46073453e-01 9.30101335e-04 3.23948231e-01 -3.48292173e-01 -5.83253132e-02 9.84143077e-01 1.67510474e-01 -5.95054046e-02 -3.18655738e-01 -1.77371684e-01 9.31127121e-01 -1.16543116e-01
9.44810026e-01 9.23666360e-04 3.27614730e-01 -3.52583747e-01 -5.91704253e-02 9.84031732e-01 1.67867728e-01 -5.96292923e-02 -3.22228372e-01 -1.77988308e-01 9.29778970e-01 -1.16236026e-01
9.43480125e-01 8.61717403e-04 3.31425380e-01 -3.56962784e-01 -6.00006040e-02 9.83916528e-01 1.68247721e-01 -5.97536815e-02 -3.25950080e-01 -1.78624188e-01 9.28358683e-01 -1.15863520e-01
9.42109619e-01 8.55160759e-04 3.35301353e-01 -3.61373731e-01 -6.08978962e-02 9.83801358e-01 1.68598284e-01 -5.98558206e-02 -3.29725910e-01 -1.79257292e-01 9.26902131e-01 -1.15472386e-01
9.40685512e-01 9.54534388e-04 3.39275833e-01 -3.65842588e-01 -6.18940635e-02 9.83697439e-01 1.68841733e-01 -5.99223895e-02 -3.33583779e-01 -1.79826223e-01 9.25410305e-01 -1.15109393e-01
9.39187287e-01 1.12127641e-03 3.43401012e-01 -3.70400459e-01 -6.29962660e-02 9.83586406e-01 1.69080639e-01 -5.99839371e-02 -3.37575174e-01 -1.80431450e-01 9.23843795e-01 -1.14722444e-01
9.37653384e-01 1.31749046e-03 3.47566676e-01 -3.74978821e-01 -6.41454952e-02 9.83470614e-01 1.69321671e-01 -6.00403168e-02 -3.41598746e-01 -1.81059962e-01 9.22240411e-01 -1.14300499e-01
9.36071642e-01 1.54362809e-03 3.51803637e-01 -3.79627405e-01 -6.53348757e-02 9.83356954e-01 1.69527029e-01 -6.00848618e-02 -3.45687091e-01 -1.81674570e-01 9.20594711e-01 -1.13858013e-01
9.34495382e-01 1.78894425e-03 3.55968373e-01 -3.84233288e-01 -6.65296606e-02 9.83244650e-01 1.69713748e-01 -6.01145970e-02 -3.49700622e-01 -1.82279254e-01 9.18957867e-01 -1.13353328e-01
9.32893202e-01 2.00982172e-03 3.60145263e-01 -3.88852422e-01 -6.77066293e-02 9.83132891e-01 1.69895792e-01 -6.01271840e-02 -3.53729431e-01 -1.82878933e-01 9.17295278e-01 -1.12812067e-01
9.31266598e-01 2.20209871e-03 3.64329549e-01 -3.93492993e-01 -6.88604872e-02 9.83022000e-01 1.70073481e-01 -6.01334799e-02 -3.57769688e-01 -1.83471744e-01 9.15608435e-01 -1.12231016e-01
9.29621985e-01 2.39923334e-03 3.68504467e-01 -3.98123757e-01 -7.00194610e-02 9.82911642e-01 1.70237919e-01 -6.01277761e-02 -3.61799139e-01 -1.84059473e-01 9.13905547e-01 -1.11623048e-01
9.27962188e-01 2.63108277e-03 3.72662859e-01 -4.02763227e-01 -7.12293802e-02 9.82791662e-01 1.70428572e-01 -6.01239574e-02 -3.65801803e-01 -1.84695895e-01 9.12182163e-01 -1.10986775e-01
9.26235196e-01 2.92547912e-03 3.76932539e-01 -4.07474191e-01 -7.25324715e-02 9.82665324e-01 1.70607174e-01 -6.01172869e-02 -3.69899709e-01 -1.85362294e-01 9.10392688e-01 -1.10320472e-01
9.24408360e-01 3.36149810e-03 3.81387189e-01 -4.12282359e-01 -7.40283553e-02 9.82525364e-01 1.70770562e-01 -6.00965044e-02 -3.74148844e-01 -1.86095284e-01 9.08504787e-01 -1.09542132e-01
9.22610448e-01 3.65678301e-03 3.85713435e-01 -4.17008091e-01 -7.53547471e-02 9.82396442e-01 1.70931818e-01 -6.00677343e-02 -3.78298766e-01 -1.86768901e-01 9.06646101e-01 -1.08734268e-01
9.20724350e-01 3.93038525e-03 3.90191586e-01 -4.21776904e-01 -7.67092814e-02 9.82259776e-01 1.71114612e-01 -6.00416088e-02 -3.82597265e-01 -1.87480785e-01 9.04693354e-01 -1.07852723e-01
9.18766707e-01 4.24361208e-03 3.94775832e-01 -4.26641329e-01 -7.81507100e-02 9.82109616e-01 1.71324104e-01 -6.00092453e-02 -3.86986429e-01 -1.88258978e-01 9.02662622e-01 -1.06844947e-01
9.16824502e-01 4.49958368e-03 3.99262759e-01 -4.31467758e-01 -7.94915113e-02 9.81976615e-01 1.71469322e-01 -5.99505598e-02 -3.91295502e-01 -1.88945368e-01 9.00659284e-01 -1.05820682e-01
9.14840998e-01 4.72409779e-03 4.03784307e-01 -4.36315220e-01 -8.08251861e-02 9.81838627e-01 1.71636018e-01 -5.98902013e-02 -3.95640549e-01 -1.89655705e-01 8.98609445e-01 -1.04762155e-01
9.12835317e-01 4.88103282e-03 4.08296363e-01 -4.41173743e-01 -8.20688387e-02 9.81716046e-01 1.71746779e-01 -5.98083502e-02 -3.99993154e-01 -1.90285038e-01 8.96547085e-01 -1.03688315e-01
9.10746710e-01 5.08373444e-03 4.12931868e-01 -4.46113253e-01 -8.33791982e-02 9.81593992e-01 1.71813338e-01 -5.97048984e-02 -4.04458362e-01 -1.90908457e-01 8.94408765e-01 -1.02550867e-01
9.08665987e-01 5.17812394e-03 4.17489434e-01 -4.51020281e-01 -8.45587649e-02 9.81483355e-01 1.71868938e-01 -5.95911066e-02 -4.08869352e-01 -1.91473954e-01 8.92279772e-01 -1.01357993e-01
9.06547844e-01 5.25468606e-03 4.22068114e-01 -4.55936858e-01 -8.57387708e-02 9.81368880e-01 1.71937994e-01 -5.94709325e-02 -4.13301427e-01 -1.92057729e-01 8.90109730e-01 -1.00096513e-01
9.04374061e-01 5.31970737e-03 4.26705301e-01 -4.60933718e-01 -8.69051771e-02 9.81263046e-01 1.71956586e-01 -5.93341520e-02 -4.17795780e-01 -1.92596082e-01 8.87892480e-01 -9.87845660e-02
9.02189516e-01 5.41785546e-03 4.31303678e-01 -4.65893407e-01 -8.81168702e-02 9.81148100e-01 1.71995817e-01 -5.92093346e-02 -4.22241339e-01 -1.93178063e-01 8.85660255e-01 -9.75149535e-02
8.99924080e-01 5.55660144e-03 4.36009141e-01 -4.70984869e-01 -8.93358276e-02 9.81056997e-01 1.71886645e-01 -5.90297293e-02 -4.26795128e-01 -1.93636269e-01 8.83374528e-01 -9.61833186e-02
8.97604887e-01 5.74547078e-03 4.40761401e-01 -4.76109659e-01 -9.05893354e-02 9.80975315e-01 1.71696743e-01 -5.88161658e-02 -4.31389982e-01 -1.94044228e-01 8.81050026e-01 -9.48084130e-02
8.95183797e-01 6.04372905e-03 4.45654149e-01 -4.81311365e-01 -9.20206360e-02 9.80869585e-01 1.71539535e-01 -5.85963654e-02 -4.36092276e-01 -1.94568894e-01 8.78616030e-01 -9.33335679e-02
8.92770631e-01 6.38736239e-03 4.50464204e-01 -4.86486760e-01 -9.34557509e-02 9.80773623e-01 1.71312241e-01 -5.83567261e-02 -4.40709579e-01 -1.95041105e-01 8.76204174e-01 -9.18504557e-02
8.90240293e-01 6.81000263e-03 4.55438273e-01 -4.91766027e-01 -9.50330003e-02 9.80659680e-01 1.71096633e-01 -5.81044610e-02 -4.45465184e-01 -1.95598878e-01 8.73671324e-01 -9.02258877e-02
8.87621323e-01 7.26975069e-03 4.60514533e-01 -4.97125609e-01 -9.66174977e-02 9.80565806e-01 1.70746674e-01 -5.78168657e-02 -4.50323947e-01 -1.96052256e-01 8.71074914e-01 -8.85847477e-02
8.84989332e-01 7.68226023e-03 4.65545872e-01 -5.02471947e-01 -9.81456950e-02 9.80475586e-01 1.70392793e-01 -5.75198936e-02 -4.55147815e-01 -1.96487237e-01 8.68465796e-01 -8.69598127e-02
8.82322831e-01 8.10796666e-03 4.70572808e-01 -5.07866759e-01 -9.96585287e-02 9.80396843e-01 1.69967326e-01 -5.71971883e-02 -4.59970477e-01 -1.96862765e-01 8.65835882e-01 -8.52955469e-02
8.79630003e-01 8.60344666e-03 4.75578725e-01 -5.13262249e-01 -1.01238530e-01 9.80312997e-01 1.69516437e-01 -5.68607932e-02 -4.64758065e-01 -1.97258747e-01 8.63185089e-01 -8.36209210e-02
8.76953443e-01 8.99391828e-03 4.80489197e-01 -5.18620815e-01 -1.02740997e-01 9.80216965e-01 1.69167395e-01 -5.65231943e-02 -4.69462702e-01 -1.97717982e-01 8.60530018e-01 -8.18895262e-02
8.74206726e-01 9.32801462e-03 4.85462279e-01 -5.24049134e-01 -1.04220248e-01 9.80116507e-01 1.68844291e-01 -5.61915109e-02 -4.74235114e-01 -1.98199936e-01 8.57797976e-01 -8.01411519e-02
8.71481321e-01 9.63713400e-03 4.90332021e-01 -5.29441227e-01 -1.05651432e-01 9.80019822e-01 1.68515828e-01 -5.58510828e-02 -4.78911577e-01 -1.98662796e-01 8.55088519e-01 -7.83920092e-02
8.68681153e-01 1.00534590e-02 4.95267677e-01 -5.34906556e-01 -1.07183783e-01 9.79923977e-01 1.68104935e-01 -5.54742733e-02 -4.83635148e-01 -1.99114365e-01 8.52320420e-01 -7.65970788e-02
8.65891893e-01 1.04296249e-02 5.00120427e-01 -5.40344785e-01 -1.08654336e-01 9.79833597e-01 1.67686907e-01 -5.50933340e-02 -4.88286424e-01 -1.99539110e-01 8.49564598e-01 -7.48026735e-02
8.63011021e-01 1.08939750e-02 5.05065609e-01 -5.45836788e-01 -1.10264898e-01 9.79723419e-01 1.67278799e-01 -5.46994727e-02 -4.93002845e-01 -2.00054586e-01 8.46714707e-01 -7.29450773e-02
8.60089629e-01 1.12602242e-02 5.10016726e-01 -5.51356320e-01 -1.11766197e-01 9.79625796e-01 1.66853666e-01 -5.43012653e-02 -4.97747333e-01 -2.00511863e-01 8.43825828e-01 -7.10274328e-02
8.57094422e-01 1.15829858e-02 5.15027176e-01 -5.56950795e-01 -1.13314072e-01 9.79500448e-01 1.66545266e-01 -5.39390834e-02 -5.02540871e-01 -2.01104976e-01 8.40838200e-01 -6.90962993e-02
8.54014972e-01 1.18128023e-02 5.20112423e-01 -5.62588370e-01 -1.14742486e-01 9.79399460e-01 1.66160935e-01 -5.35441758e-02 -5.07435605e-01 -2.01583050e-01 8.37778513e-01 -6.70898863e-02
8.50840760e-01 1.20627884e-02 5.25283239e-01 -5.68261417e-01 -1.16272486e-01 9.79272181e-01 1.65846975e-01 -5.31663553e-02 -5.12395317e-01 -2.02185488e-01 8.34608573e-01 -6.50271587e-02
8.47718363e-01 1.21898201e-02 5.30304638e-01 -5.73884669e-01 -1.17580045e-01 9.79183281e-01 1.65449649e-01 -5.27655669e-02 -5.17249257e-01 -2.02608079e-01 8.31506235e-01 -6.30058752e-02
8.44435247e-01 1.24080317e-02 5.35512075e-01 -5.79643427e-01 -1.19026508e-01 9.79083735e-01 1.65004118e-01 -5.23336318e-02 -5.22264398e-01 -2.03075564e-01 8.28250965e-01 -6.08401219e-02
8.41133993e-01 1.26520329e-02 5.40677009e-01 -5.85426643e-01 -1.20498588e-01 9.78979807e-01 1.64551841e-01 -5.19114406e-02 -5.27230559e-01 -2.03561093e-01 8.24978996e-01 -5.87048211e-02
8.37819458e-01 1.28981196e-02 5.45793281e-01 -5.91239995e-01 -1.21946089e-01 9.78883083e-01 1.64060432e-01 -5.14702975e-02 -5.32152316e-01 -2.04010514e-01 8.21701389e-01 -5.65212982e-02
8.34550474e-01 1.30299146e-02 5.50775636e-01 -5.96962362e-01 -1.23266245e-01 9.78791319e-01 1.63620830e-01 -5.10481993e-02 -5.36963014e-01 -2.04442031e-01 8.18458129e-01 -5.43637145e-02
8.31136485e-01 1.32330824e-02 5.55909249e-01 -6.02742758e-01 -1.24737884e-01 9.78675448e-01 1.63198117e-01 -5.06060434e-02 -5.41895696e-01 -2.04983002e-01 8.15064746e-01 -5.20367322e-02
8.27704562e-01 1.33663638e-02 5.61003162e-01 -6.08507826e-01 -1.26143008e-01 9.78562192e-01 1.62796510e-01 -5.01706986e-02 -5.46801082e-01 -2.05514185e-01 8.11647709e-01 -4.96644448e-02
8.24176239e-01 1.35669501e-02 5.66169193e-01 -6.14281063e-01 -1.27646487e-01 9.78438093e-01 1.62369856e-01 -4.97213688e-02 -5.51759258e-01 -2.06091019e-01 8.08138451e-01 -4.72328543e-02
8.20623787e-01 1.38069917e-02 5.71300318e-01 -6.20092932e-01 -1.29151988e-01 9.78323015e-01 1.61872007e-01 -4.92407594e-02 -5.56681894e-01 -2.06620726e-01 8.04619598e-01 -4.47785366e-02
8.17000229e-01 1.41123456e-02 5.76462976e-01 -6.25941767e-01 -1.30764458e-01 9.78189954e-01 1.61380828e-01 -4.87409572e-02 -5.61613444e-01 -2.07229174e-01 8.01028075e-01 -4.22728355e-02
8.13286676e-01 1.44585276e-02 5.81681909e-01 -6.31872917e-01 -1.32428608e-01 9.78054186e-01 1.60846040e-01 -4.82123825e-02 -5.66591438e-01 -2.07845406e-01 7.97354376e-01 -3.97020164e-02
8.09544386e-01 1.47371646e-02 5.86872121e-01 -6.37748246e-01 -1.34013484e-01 9.77927299e-01 1.60304120e-01 -4.76812875e-02 -5.71556446e-01 -2.08422208e-01 7.93651720e-01 -3.71163027e-02
8.05710212e-01 1.50898466e-02 5.92116168e-01 -6.43630990e-01 -1.35707252e-01 9.77785634e-01 1.59742495e-01 -4.71057407e-02 -5.76552797e-01 -2.09060750e-01 7.89860833e-01 -3.43970169e-02
8.01783610e-01 1.55662731e-02 5.97410202e-01 -6.49474378e-01 -1.37619165e-01 9.77602663e-01 1.59225909e-01 -4.65071126e-02 -5.81551881e-01 -2.09879953e-01 7.85969122e-01 -3.15131581e-02
7.97800012e-01 1.60138090e-02 6.02707929e-01 -6.55319025e-01 -1.39455603e-01 9.77439905e-01 1.58626043e-01 -4.58578607e-02 -5.86571204e-01 -2.10603002e-01 7.82035929e-01 -2.85223705e-02
7.93668628e-01 1.65292878e-02 6.08124183e-01 -6.61280131e-01 -1.41391126e-01 9.77268373e-01 1.57968043e-01 -4.51832604e-02 -5.91690054e-01 -2.11357787e-01 7.77965530e-01 -2.54597092e-02
7.89464992e-01 1.69819048e-02 6.13559129e-01 -6.67263345e-01 -1.43310941e-01 9.77087700e-01 1.57354347e-01 -4.44981852e-02 -5.96829543e-01 -2.12155619e-01 7.73811425e-01 -2.23044067e-02
7.85035188e-01 1.73843252e-02 6.19205659e-01 -6.73367750e-01 -1.45244645e-01 9.76904755e-01 1.56715874e-01 -4.37651979e-02 -6.02181228e-01 -2.12963929e-01 7.69430759e-01 -1.89203475e-02
7.80431434e-01 1.78250641e-02 6.24985706e-01 -6.79476586e-01 -1.47260855e-01 9.76712544e-01 1.56030858e-01 -4.29794101e-02 -6.07650828e-01 -2.13807472e-01 7.64883230e-01 -1.53857416e-02
7.75793747e-01 1.82429831e-02 6.30721290e-01 -6.85605862e-01 -1.49257953e-01 9.76518810e-01 1.55344030e-01 -4.21905084e-02 -6.13078015e-01 -2.14655243e-01 7.60301249e-01 -1.18181980e-02
7.71079812e-01 1.87212393e-02 6.36461781e-01 -6.91666891e-01 -1.51396271e-01 9.76291726e-01 1.54700929e-01 -4.13799593e-02 -6.18476933e-01 -2.15644843e-01 7.55634278e-01 -8.09202610e-03
7.66305405e-01 1.92369526e-02 6.42187010e-01 -6.97776570e-01 -1.53602859e-01 9.76049564e-01 1.54052463e-01 -4.05484983e-02 -6.23843620e-01 -2.16693131e-01 7.50908001e-01 -4.30678601e-03
7.61419413e-01 1.98348048e-02 6.47954710e-01 -7.03930798e-01 -1.55916393e-01 9.75793527e-01 1.53348836e-01 -3.96758603e-02 -6.29229136e-01 -2.17789671e-01 7.46081770e-01 -4.04627786e-04
7.56472443e-01 2.03672550e-02 6.53707038e-01 -7.10102913e-01 -1.58234722e-01 9.75519565e-01 1.52716055e-01 -3.88081964e-02 -6.34594353e-01 -2.18964769e-01 7.41177523e-01 3.57703445e-03
7.51481525e-01 2.09726487e-02 6.59419432e-01 -7.16303963e-01 -1.60535648e-01 9.75266366e-01 1.51930109e-01 -3.78862385e-02 -6.39923944e-01 -2.20033127e-01 7.36262523e-01 7.57009301e-03
7.46393189e-01 2.15724170e-02 6.65154217e-01 -7.22525016e-01 -1.62874655e-01 9.75000328e-01 1.51146057e-01 -3.69333942e-02 -6.45265714e-01 -2.21151288e-01 7.31248234e-01 1.17055027e-02
7.41275322e-01 2.21612905e-02 6.70833853e-01 -7.28757612e-01 -1.65175037e-01 9.74741294e-01 1.50318406e-01 -3.59447255e-02 -6.50558902e-01 -2.22232482e-01 7.26213156e-01 1.59128079e-02
7.36040552e-01 2.27856651e-02 6.76552588e-01 -7.35029241e-01 -1.67603037e-01 9.74449332e-01 1.49521531e-01 -3.49369407e-02 -6.55859980e-01 -2.23446325e-01 7.21054183e-01 2.02458221e-02
7.30800538e-01 2.34310375e-02 6.82187464e-01 -7.41264421e-01 -1.69977882e-01 9.74174155e-01 1.48630757e-01 -3.38928758e-02 -6.61087577e-01 -2.24576378e-01 7.15910796e-01 2.45900014e-02
7.25437659e-01 2.41215024e-02 6.87863770e-01 -7.47437481e-01 -1.72473774e-01 9.73870317e-01 1.47744051e-01 -3.28278119e-02 -6.66327041e-01 -2.25817718e-01 7.10643561e-01 2.90163965e-02
7.19995832e-01 2.48060345e-02 6.93533623e-01 -7.53623804e-01 -1.74949878e-01 9.73570978e-01 1.46802938e-01 -3.17220400e-02 -6.71563323e-01 -2.27031296e-01 7.05307840e-01 3.35538665e-02
7.14514333e-01 2.54408693e-02 6.99156824e-01 -7.59882229e-01 -1.77303248e-01 9.73298670e-01 1.45781557e-01 -3.05782096e-02 -6.76780328e-01 -2.28125956e-01 6.99947568e-01 3.81505848e-02
7.09068428e-01 2.61013209e-02 7.04655194e-01 -7.66092982e-01 -1.79671732e-01 9.73017477e-01 1.44755237e-01 -2.94333149e-02 -6.81864261e-01 -2.29248154e-01 6.94626589e-01 4.27107709e-02
7.03553113e-01 2.68166138e-02 7.10135283e-01 -7.72316307e-01 -1.82075134e-01 9.72733835e-01 1.43654486e-01 -2.82648979e-02 -6.86921026e-01 -2.30366718e-01 6.89253469e-01 4.72779422e-02
6.98044655e-01 2.74704479e-02 7.15525893e-01 -7.78498573e-01 -1.84386944e-01 9.72461195e-01 1.42547460e-01 -2.70860532e-02 -6.91906048e-01 -2.31438301e-01 6.83887441e-01 5.18611480e-02
6.92527862e-01 2.81373563e-02 7.20841007e-01 -7.84624882e-01 -1.86690695e-01 9.72187770e-01 1.41409467e-01 -2.58835560e-02 -6.96814629e-01 -2.32504474e-01 6.78521022e-01 5.64580529e-02
6.86993362e-01 2.87984061e-02 7.26091669e-01 -7.90736347e-01 -1.88944870e-01 9.71924245e-01 1.40222023e-01 -2.46631728e-02 -7.01668600e-01 -2.33523060e-01 6.73147768e-01 6.10133111e-02
6.81408071e-01 2.95094292e-02 7.31307463e-01 -7.96904071e-01 -1.91164838e-01 9.71678178e-01 1.38912340e-01 -2.34071682e-02 -7.06496973e-01 -2.34456419e-01 6.67751455e-01 6.55730550e-02
6.75702933e-01 3.03042622e-02 7.36549787e-01 -8.03082807e-01 -1.93644930e-01 9.71362105e-01 1.37682580e-01 -2.21710183e-02 -7.11284847e-01 -2.35661819e-01 6.62221402e-01 7.01764318e-02
6.69821143e-01 3.11255898e-02 7.41868745e-01 -8.09305264e-01 -1.95972529e-01 9.71104695e-01 1.36197103e-01 -2.08358598e-02 -7.16193680e-01 -2.36613758e-01 6.56567107e-01 7.48318720e-02
6.63801558e-01 3.22538683e-02 7.47211859e-01 -8.15454667e-01 -1.98754812e-01 9.70752865e-01 1.34664956e-01 -1.94563831e-02 -7.21015270e-01 -2.37902934e-01 6.50798733e-01 7.95850196e-02
6.57708124e-01 3.32541068e-02 7.52537407e-01 -8.21548397e-01 -2.01444292e-01 9.70403498e-01 1.33178334e-01 -1.80508353e-02 -7.25836907e-01 -2.39187014e-01 6.44941974e-01 8.44822574e-02
6.51378325e-01 3.43411799e-02 7.57974468e-01 -8.27627924e-01 -2.04253499e-01 9.70034246e-01 1.31579914e-01 -1.65640894e-02 -7.30743296e-01 -2.40527424e-01 6.38874448e-01 8.95708149e-02
6.44650387e-01 3.54876298e-02 7.63652295e-01 -8.33909433e-01 -2.07268953e-01 9.69619499e-01 1.29910624e-01 -1.49959492e-02 -7.35842671e-01 -2.42028527e-01 6.32421939e-01 9.49265938e-02
6.37756750e-01 3.66167200e-02 7.69365875e-01 -8.40067280e-01 -2.10241385e-01 9.69213901e-01 1.28148987e-01 -1.33697487e-02 -7.40988456e-01 -2.43480618e-01 6.25821896e-01 1.00443143e-01
6.30763613e-01 3.76050063e-02 7.75062210e-01 -8.46245041e-01 -2.13114756e-01 9.68811726e-01 1.26432282e-01 -1.17216760e-02 -7.46135654e-01 -2.44926266e-01 6.19106182e-01 1.06148876e-01
6.23477612e-01 3.85858502e-02 7.80887321e-01 -8.52437579e-01 -2.16077053e-01 9.68383812e-01 1.24670109e-01 -1.00216237e-02 -7.51388971e-01 -2.46461059e-01 6.12103944e-01 1.12061535e-01
6.16213658e-01 3.95701158e-02 7.86583202e-01 -8.58590189e-01 -2.19118877e-01 9.67918054e-01 1.22966560e-01 -8.32885511e-03 -7.56483098e-01 -2.48129122e-01 6.05115643e-01 1.17975264e-01
6.08999026e-01 4.04966282e-02 7.92135309e-01 -8.64745633e-01 -2.21891388e-01 9.67518069e-01 1.21128841e-01 -6.60547101e-03 -7.61500759e-01 -2.49535584e-01 5.98204160e-01 1.23807425e-01
6.01373012e-01 4.14376080e-02 7.97891984e-01 -8.70927211e-01 -2.24915606e-01 9.67047292e-01 1.19296928e-01 -4.86244143e-03 -7.66656731e-01 -2.51200541e-01 5.90876830e-01 1.29821049e-01
5.93675627e-01 4.24507629e-02 8.03582855e-01 -8.77112153e-01 -2.28022950e-01 9.66551592e-01 1.17400262e-01 -3.10239973e-03 -7.71721354e-01 -2.52933236e-01 5.83498605e-01 1.35829862e-01
5.86066565e-01 4.35837185e-02 8.09088785e-01 -8.83165627e-01 -2.31184748e-01 9.66038715e-01 1.15421335e-01 -1.30737547e-03 -7.76581424e-01 -2.54693801e-01 5.76239592e-01 1.41795310e-01
5.78477536e-01 4.46578721e-02 8.14473813e-01 -8.89183187e-01 -2.34306273e-01 9.65516972e-01 1.13475712e-01 5.12305680e-04 -7.81321571e-01 -2.56479705e-01 5.68994223e-01 1.47840162e-01
5.70447861e-01 4.57795504e-02 8.20055860e-01 -8.95504581e-01 -2.37471220e-01 9.64994644e-01 1.11319170e-01 2.39376555e-03 -7.86254258e-01 -2.58241689e-01 5.61351155e-01 1.53965356e-01
5.62542880e-01 4.68680766e-02 8.25437434e-01 -9.01608545e-01 -2.40647578e-01 9.64444905e-01 1.09242573e-01 4.25484205e-03 -7.90969862e-01 -2.60093409e-01 5.53820987e-01 1.60023437e-01
5.54487187e-01 4.80908977e-02 8.30800410e-01 -9.07618497e-01 -2.43761107e-01 9.63926192e-01 1.06892506e-01 6.26224804e-03 -7.95690649e-01 -2.61787605e-01 5.46208080e-01 1.66294245e-01
5.46204627e-01 4.91317976e-02 8.36208528e-01 -9.13722370e-01 -2.46647554e-01 9.63454171e-01 1.04500010e-01 8.30226754e-03 -8.00515257e-01 -2.63327424e-01 5.38362011e-01 1.72706128e-01
5.37602732e-01 5.02762517e-02 8.41696972e-01 -9.19939133e-01 -2.49624586e-01 9.62963858e-01 1.01918675e-01 1.04467674e-02 -8.05400620e-01 -2.64900250e-01 5.30242809e-01 1.79333595e-01
5.28802721e-01 5.12993335e-02 8.47192013e-01 -9.26128242e-01 -2.52445065e-01 9.62503099e-01 9.92901934e-02 1.26262523e-02 -8.10332371e-01 -2.66374591e-01 5.21925118e-01 1.86072723e-01
5.19707873e-01 5.23671809e-02 8.52736531e-01 -9.32426884e-01 -2.55429490e-01 9.61989584e-01 9.65972798e-02 1.48423002e-02 -8.15266093e-01 -2.68016661e-01 5.13330294e-01 1.92926494e-01
5.10547639e-01 5.33366509e-02 8.58192559e-01 -9.38572966e-01 -2.58329418e-01 9.61479490e-01 9.39269134e-02 1.70787167e-02 -8.20125765e-01 -2.69650790e-01 5.04660137e-01 1.99857153e-01
5.01165041e-01 5.43117054e-02 8.63644626e-01 -9.44753378e-01 -2.61422388e-01 9.60898890e-01 9.12733025e-02 1.92995192e-02 -8.24918946e-01 -2.71519259e-01 4.95767838e-01 2.06773533e-01
4.91279814e-01 5.54077465e-02 8.69236605e-01 -9.51278808e-01 -2.64709320e-01 9.60267485e-01 8.83995017e-02 2.15923348e-02 -8.29802636e-01 -2.73524165e-01 4.86427582e-01 2.13821538e-01
4.81597476e-01 5.65221502e-02 8.74566873e-01 -9.57524962e-01 -2.68093026e-01 9.59580886e-01 8.56141992e-02 2.37887083e-02 -8.34379583e-01 -2.75697120e-01 4.77285509e-01 2.20558572e-01
4.71438308e-01 5.74979633e-02 8.80021576e-01 -9.63754507e-01 -2.71533460e-01 9.58858928e-01 8.28148335e-02 2.60665939e-02 -8.39055864e-01 -2.77997665e-01 4.67656024e-01 2.27667193e-01
4.60921432e-01 5.84733010e-02 8.85511355e-01 -9.70030153e-01 -2.74899807e-01 9.58153484e-01 7.98192014e-02 2.84825394e-02 -8.43789549e-01 -2.80217553e-01 4.57708340e-01 2.35056878e-01
4.50490629e-01 5.93766507e-02 8.90803397e-01 -9.76079369e-01 -2.77977063e-01 9.57515950e-01 7.67531427e-02 3.09378009e-02 -8.48402192e-01 -2.82199744e-01 4.47857864e-01 2.42459639e-01
4.39812019e-01 6.01342170e-02 8.96073311e-01 -9.81958905e-01 -2.80708512e-01 9.56969796e-01 7.35568534e-02 3.34628134e-02 -8.53092902e-01 -2.83886844e-01 4.37767552e-01 2.50010473e-01
4.29140733e-01 6.08543673e-02 9.01184288e-01 -9.87652984e-01 -2.83219642e-01 9.56476012e-01 7.02801067e-02 3.60230054e-02 -8.57685403e-01 -2.85393389e-01 4.27698525e-01 2.57557190e-01
4.17899382e-01 6.14093571e-02 9.06414444e-01 -9.93399917e-01 -2.85550255e-01 9.56026627e-01 6.68814139e-02 3.87126865e-02 -8.62450316e-01 -2.86776815e-01 4.17058948e-01 2.65513244e-01
4.06409017e-01 6.20364067e-02 9.11581801e-01 -9.99070528e-01 -2.87876626e-01 9.55571790e-01 6.33134608e-02 4.15274986e-02 -8.67155238e-01 -2.88154483e-01 4.06212360e-01 2.73756849e-01
3.94743994e-01 6.24930849e-02 9.16662428e-01 -1.00442187e+00 -2.90061063e-01 9.55137840e-01 5.97933640e-02 4.43708213e-02 -8.71803448e-01 -2.89491365e-01 3.95162266e-01 2.82195818e-01
3.81943271e-01 6.29696177e-02 9.22037095e-01 -1.01005221e+00 -2.92462559e-01 9.54638085e-01 5.59531495e-02 4.74446078e-02 -8.76689565e-01 -2.91032460e-01 3.83034344e-01 2.91341883e-01
3.69401593e-01 6.34028284e-02 9.27103416e-01 -1.01547850e+00 -2.94686796e-01 9.54168580e-01 5.21632739e-02 5.04625117e-02 -8.81306868e-01 -2.92474543e-01 3.71155832e-01 3.00292572e-01
3.56568513e-01 6.37052409e-02 9.32093734e-01 -1.02084738e+00 -2.96902983e-01 9.53679868e-01 4.83983690e-02 5.34967389e-02 -8.85836997e-01 -2.93998971e-01 3.58966912e-01 3.09398032e-01
3.43377871e-01 6.40113430e-02 9.37012474e-01 -1.02627256e+00 -2.99208163e-01 9.53147537e-01 4.45342829e-02 5.66422279e-02 -8.90261622e-01 -2.95654100e-01 3.46442907e-01 3.18839967e-01
3.29756250e-01 6.43004150e-02 9.41872862e-01 -1.03186774e+00 -3.01466068e-01 9.52615397e-01 4.05115478e-02 5.99185258e-02 -8.94638856e-01 -2.97301876e-01 3.33515677e-01 3.28607849e-01
3.15927354e-01 6.44150868e-02 9.46593251e-01 -1.03733446e+00 -3.03667472e-01 9.52075849e-01 3.65614165e-02 6.31760894e-02 -8.98874629e-01 -2.99000582e-01 3.20347953e-01 3.38424844e-01
3.01952995e-01 6.45455541e-02 9.51134335e-01 -1.04265366e+00 -3.05862816e-01 9.51519299e-01 3.25294010e-02 6.64508782e-02 -9.02924175e-01 -3.00739218e-01 3.07056532e-01 3.48230469e-01
2.87775898e-01 6.45584980e-02 9.55518426e-01 -1.04796626e+00 -3.07886568e-01 9.50996471e-01 2.84739748e-02 6.97753563e-02 -9.06857555e-01 -3.02385664e-01 2.93550884e-01 3.58190296e-01
2.73770135e-01 6.45669602e-02 9.59624503e-01 -1.05309887e+00 -3.09549010e-01 9.50571136e-01 2.43530289e-02 7.31666853e-02 -9.10620125e-01 -3.03718210e-01 2.80224942e-01 3.68235670e-01
2.59729157e-01 6.43860916e-02 9.63531717e-01 -1.05785382e+00 -3.11236959e-01 9.50112739e-01 2.04074726e-02 7.65386502e-02 -9.14150964e-01 -3.05187363e-01 2.66811619e-01 3.78420450e-01
2.45322593e-01 6.42544897e-02 9.67308822e-01 -1.06251596e+00 -3.12689870e-01 9.49716390e-01 1.62164667e-02 8.00399099e-02 -9.17628205e-01 -3.06446212e-01 2.53078904e-01 3.88859263e-01
2.30983064e-01 6.42560816e-02 9.70832724e-01 -1.06715253e+00 -3.14220081e-01 9.49274732e-01 1.19308143e-02 8.36032161e-02 -9.20821492e-01 -3.07811223e-01 2.39457218e-01 3.99335588e-01
2.16632294e-01 6.43395445e-02 9.74129903e-01 -1.07154856e+00 -3.15707982e-01 9.48826010e-01 7.54057686e-03 8.71889347e-02 -9.23795724e-01 -3.09174409e-01 2.25859122e-01 4.09768951e-01
2.02482996e-01 6.43884929e-02 9.77165788e-01 -1.07597597e+00 -3.17402887e-01 9.48284649e-01 3.28507161e-03 9.07659271e-02 -9.26420873e-01 -3.10820704e-01 2.12448864e-01 4.20204436e-01
1.88511631e-01 6.44656550e-02 9.79951946e-01 -1.08014934e+00 -3.19239375e-01 9.47673231e-01 -9.30707550e-04 9.43051530e-02 -9.28735281e-01 -3.12664082e-01 1.99227638e-01 4.30510479e-01
1.74871309e-01 6.46574445e-02 9.82465096e-01 -1.08394180e+00 -3.21245779e-01 9.46981433e-01 -5.14292073e-03 9.77938819e-02 -9.30709830e-01 -3.14713703e-01 1.86371041e-01 4.40549660e-01
1.61502277e-01 6.48130319e-02 9.84740829e-01 -1.08758471e+00 -3.22973828e-01 9.46361545e-01 -9.31774671e-03 1.01307597e-01 -9.32525891e-01 -3.16540961e-01 1.73772674e-01 4.50571587e-01
1.48067643e-01 6.48947234e-02 9.86844904e-01 -1.09099939e+00 -3.24346528e-01 9.45841039e-01 -1.35329097e-02 1.04942663e-01 -9.34277781e-01 -3.18076208e-01 1.61097030e-01 4.60924521e-01
1.34230214e-01 6.50256899e-02 9.88813500e-01 -1.09412883e+00 -3.25607244e-01 9.45333956e-01 -1.79656526e-02 1.08739668e-01 -9.35928373e-01 -3.19553577e-01 1.48065388e-01 4.71678012e-01
1.20467959e-01 6.52173919e-02 9.90571779e-01 -1.09690960e+00 -3.26779225e-01 9.44833227e-01 -2.24649576e-02 1.12606396e-01 -9.37391406e-01 -3.20992226e-01 1.35133972e-01 4.82543193e-01
1.07064796e-01 6.53838165e-02 9.92098955e-01 -1.09942066e+00 -3.27655972e-01 9.44414182e-01 -2.68813923e-02 1.16474286e-01 -9.38711102e-01 -3.22189365e-01 1.22537042e-01 4.93390451e-01
9.40916287e-02 6.55709266e-02 9.93400960e-01 -1.10170588e+00 -3.28357860e-01 9.44037151e-01 -3.12116493e-02 1.20278324e-01 -9.39855165e-01 -3.23254527e-01 1.10356839e-01 5.03992174e-01
8.12796087e-02 6.57762166e-02 9.94517675e-01 -1.10380138e+00 -3.29001211e-01 9.43660666e-01 -3.55241139e-02 1.24084208e-01 -9.40825042e-01 -3.24310386e-01 9.83409237e-02 5.14585726e-01
6.85545534e-02 6.59720285e-02 9.95462824e-01 -1.10557177e+00 -3.29450409e-01 9.43332003e-01 -3.98289322e-02 1.27956482e-01 -9.41680739e-01 -3.25225436e-01 8.64043009e-02 5.25379142e-01
5.61360024e-02 6.61131922e-02 9.96230915e-01 -1.10720099e+00 -3.29970725e-01 9.42965424e-01 -4.39850209e-02 1.31793897e-01 -9.42320506e-01 -3.26258159e-01 7.47497993e-02 5.36111610e-01
4.43224892e-02 6.62940695e-02 9.96814372e-01 -1.10867186e+00 -3.30452605e-01 9.42601021e-01 -4.79952946e-02 1.35569406e-01 -9.42781273e-01 -3.27272883e-01 6.36855281e-02 5.46609597e-01
3.29318054e-02 6.64527043e-02 9.97245084e-01 -1.10989846e+00 -3.30961443e-01 9.42217894e-01 -5.18566510e-02 1.39255239e-01 -9.43069416e-01 -3.28342203e-01 5.30222612e-02 5.56875495e-01
2.14910350e-02 6.65690745e-02 9.97549452e-01 -1.11114195e+00 -3.31356560e-01 9.41858783e-01 -5.57140203e-02 1.43008017e-01 -9.43260789e-01 -3.29347468e-01 4.22996457e-02 5.67343022e-01
1.02609601e-02 6.67679624e-02 9.97714851e-01 -1.11233375e+00 -3.31596875e-01 9.41536340e-01 -5.95981721e-02 1.46775630e-01 -9.43365314e-01 -3.30227862e-01 3.18011285e-02 5.77777626e-01
-8.76766363e-04 6.70116187e-02 9.97750847e-01 -1.11362448e+00 -3.31740140e-01 9.41230220e-01 -6.35070780e-02 1.50588669e-01 -9.43370292e-01 -3.31049970e-01 2.14052072e-02 5.88260453e-01
-1.18061907e-02 6.73179364e-02 9.97660799e-01 -1.11518831e+00 -3.31953953e-01 9.40882979e-01 -6.74151366e-02 1.54370799e-01 -9.43221623e-01 -3.31973625e-01 1.12381988e-02 5.98542965e-01
-2.28959945e-02 6.76778739e-02 9.97443570e-01 -1.11684513e+00 -3.32174999e-01 9.40507894e-01 -7.14397147e-02 1.58239193e-01 -9.42939774e-01 -3.32961745e-01 9.47007857e-04 6.08979039e-01
-3.38512252e-02 6.79823255e-02 9.97111180e-01 -1.11854698e+00 -3.32296874e-01 9.40157180e-01 -7.53805223e-02 1.62108276e-01 -9.42567104e-01 -3.33888896e-01 -9.23519955e-03 6.19437313e-01
-4.49509181e-02 6.82871544e-02 9.96651631e-01 -1.12024591e+00 -3.32236724e-01 9.39849224e-01 -7.93798007e-02 1.66072613e-01 -9.42124203e-01 -3.34692720e-01 -1.95596412e-02 6.30117908e-01
-5.57526075e-02 6.85563958e-02 9.96087316e-01 -1.12175530e+00 -3.31908578e-01 9.39630479e-01 -8.32482073e-02 1.70006695e-01 -9.41662491e-01 -3.35251465e-01 -2.96324637e-02 6.40733744e-01
-6.65877114e-02 6.89969054e-02 9.95391264e-01 -1.12309884e+00 -3.31511525e-01 9.39403596e-01 -8.72928755e-02 1.74026790e-01 -9.41098353e-01 -3.35796552e-01 -3.96795485e-02 6.51450486e-01
-7.73599417e-02 6.94114632e-02 9.94583228e-01 -1.12435350e+00 -3.31175963e-01 9.39140899e-01 -9.13014864e-02 1.78039196e-01 -9.40392416e-01 -3.36445373e-01 -4.96645712e-02 6.62160556e-01
-8.79975703e-02 6.98445612e-02 9.93668183e-01 -1.12536847e+00 -3.30647889e-01 9.38931854e-01 -9.52788113e-02 1.82058732e-01 -9.39642664e-01 -3.36938838e-01 -5.95298724e-02 6.72884423e-01
-9.83813383e-02 7.03121999e-02 9.92660861e-01 -1.12645560e+00 -3.30176150e-01 9.38690388e-01 -9.92127204e-02 1.86041662e-01 -9.38778354e-01 -3.37513863e-01 -6.91343232e-02 6.83403127e-01
-1.08303940e-01 7.08398906e-02 9.91589800e-01 -1.12744130e+00 -3.29526746e-01 9.38506326e-01 -1.03039346e-01 1.89953076e-01 -9.37913847e-01 -3.37915149e-01 -7.83004264e-02 6.93685863e-01
-1.18505739e-01 7.14610739e-02 9.90377772e-01 -1.12816093e+00 -3.28939334e-01 9.38262235e-01 -1.07060629e-01 1.93979590e-01 -9.36885973e-01 -3.38461707e-01 -8.76832490e-02 7.04262268e-01
-1.28594972e-01 7.21204619e-02 9.89070452e-01 -1.12855786e+00 -3.28093106e-01 9.38093563e-01 -1.11060744e-01 1.98003145e-01 -9.35851633e-01 -3.38789263e-01 -9.69720461e-02 7.14866869e-01
-1.38577853e-01 7.28549911e-02 9.87667316e-01 -1.12868783e+00 -3.27083716e-01 9.37961461e-01 -1.15081029e-01 2.02080669e-01 -9.34779346e-01 -3.38997792e-01 -1.06151175e-01 7.25612961e-01
-1.48520137e-01 7.35830702e-02 9.86167204e-01 -1.12861515e+00 -3.26023801e-01 9.37831700e-01 -1.19076844e-01 2.06144281e-01 -9.33622122e-01 -3.39199493e-01 -1.15297245e-01 7.36367571e-01
-1.58351076e-01 7.43821473e-02 9.84576382e-01 -1.12828768e+00 -3.25016174e-01 9.37660547e-01 -1.23110725e-01 2.10158684e-01 -9.32356880e-01 -3.39498181e-01 -1.24304358e-01 7.46999383e-01
-1.67916357e-01 7.52360033e-02 9.82925294e-01 -1.12772415e+00 -3.23991698e-01 9.37481962e-01 -1.27106259e-01 2.14097115e-01 -9.31038889e-01 -3.39803053e-01 -1.33042934e-01 7.57415193e-01
-1.77249602e-01 7.61012857e-02 9.81218462e-01 -1.12707762e+00 -3.23078521e-01 9.37253625e-01 -1.31053181e-01 2.17972410e-01 -9.29625107e-01 -3.40239915e-01 -1.41541370e-01 7.67612279e-01
-1.86700261e-01 7.70426668e-02 9.79390625e-01 -1.12626868e+00 -3.22180082e-01 9.36984814e-01 -1.35123797e-01 2.21922006e-01 -9.28085668e-01 -3.40767961e-01 -1.50113944e-01 7.77973277e-01
-1.96009862e-01 7.79211511e-02 9.77500388e-01 -1.12547384e+00 -3.21210483e-01 9.36738574e-01 -1.39081519e-01 2.25825913e-01 -9.26500920e-01 -3.41244881e-01 -1.58581169e-01 7.88242067e-01
-2.05489023e-01 7.88649247e-02 9.75475889e-01 -1.12464602e+00 -3.20104318e-01 9.36504960e-01 -1.43145909e-01 2.29792811e-01 -9.24828383e-01 -3.41669111e-01 -1.67196753e-01 7.98638653e-01
-2.15166641e-01 7.97622143e-02 9.73313867e-01 -1.12365215e+00 -3.18769411e-01 9.36331679e-01 -1.47200714e-01 2.33807252e-01 -9.23086897e-01 -3.41935522e-01 -1.76041868e-01 8.09263681e-01
-2.25418291e-01 8.04946661e-02 9.70930376e-01 -1.12255450e+00 -3.17258406e-01 9.36195948e-01 -1.51272118e-01 2.37962155e-01 -9.21158910e-01 -3.42135473e-01 -1.85498375e-01 8.20422420e-01
-2.35741033e-01 8.12035897e-02 9.68416603e-01 -1.12145720e+00 -3.15784706e-01 9.36024909e-01 -1.55358824e-01 2.42183513e-01 -9.19078979e-01 -3.42435756e-01 -1.95016939e-01 8.31717318e-01
-2.46178520e-01 8.18429910e-02 9.65762066e-01 -1.12024618e+00 -3.14327363e-01 9.35830764e-01 -1.59430459e-01 2.46455095e-01 -9.16839380e-01 -3.42813962e-01 -2.04656255e-01 8.43173564e-01
-2.56692622e-01 8.23831418e-02 9.62974786e-01 -1.11893092e+00 -3.12927149e-01 9.35605494e-01 -1.63456275e-01 2.50714488e-01 -9.14431761e-01 -3.43299146e-01 -2.14383438e-01 8.54660774e-01
-2.67078855e-01 8.28533047e-02 9.60105569e-01 -1.11758397e+00 -3.11681946e-01 9.35320717e-01 -1.67417133e-01 2.54937604e-01 -9.11878960e-01 -3.43961317e-01 -2.23980846e-01 8.66052275e-01
-2.77606118e-01 8.32801021e-02 9.57077737e-01 -1.11615968e+00 -3.10291952e-01 9.35067510e-01 -1.71366977e-01 2.59229406e-01 -9.09205007e-01 -3.44546200e-01 -2.33739670e-01 8.77653232e-01
-2.88455785e-01 8.36784853e-02 9.53828983e-01 -1.11465384e+00 -3.08821249e-01 9.34805965e-01 -1.75403024e-01 2.63621321e-01 -9.06323702e-01 -3.45158833e-01 -2.43808871e-01 8.89498458e-01
-2.99397508e-01 8.40436044e-02 9.50419067e-01 -1.11291308e+00 -3.07192202e-01 9.34581549e-01 -1.79413741e-01 2.68001387e-01 -9.03323942e-01 -3.45677491e-01 -2.53994223e-01 9.01364017e-01
-3.10591543e-01 8.44214255e-02 9.46786420e-01 -1.11104110e+00 -3.05333242e-01 9.34401050e-01 -1.83481133e-01 2.72492837e-01 -9.00169206e-01 -3.46073189e-01 -2.64440779e-01 9.13578009e-01
-3.21508518e-01 8.47871878e-02 9.43102339e-01 -1.10894934e+00 -3.03185295e-01 9.34331501e-01 -1.87356178e-01 2.76866979e-01 -8.97056891e-01 -3.46171490e-01 -2.74689706e-01 9.25620704e-01
-3.32976128e-01 8.50682668e-02 9.39089425e-01 -1.10629161e+00 -3.00859668e-01 9.34282136e-01 -1.91309691e-01 2.81253285e-01 -8.93650086e-01 -3.46235811e-01 -2.85500451e-01 9.37880637e-01
-3.44077228e-01 8.53385399e-02 9.35054485e-01 -1.10375248e+00 -2.98702284e-01 9.34175189e-01 -1.95173510e-01 2.85623662e-01 -8.90161741e-01 -3.46457777e-01 -2.95938026e-01 9.50000260e-01
-3.55336771e-01 8.56304297e-02 9.30807136e-01 -1.10131142e+00 -2.96372416e-01 9.34094320e-01 -1.99073445e-01 2.90027213e-01 -8.86509609e-01 -3.46603777e-01 -3.06540011e-01 9.62164293e-01
-3.66483040e-01 8.58118550e-02 9.26458409e-01 -1.09866636e+00 -2.93931162e-01 9.34066608e-01 -2.02788205e-01 2.94303203e-01 -8.82776726e-01 -3.46633540e-01 -3.17097256e-01 9.74157027e-01
-3.78045562e-01 8.60354782e-02 9.21779910e-01 -1.09566500e+00 -2.91442850e-01 9.33988169e-01 -2.06703211e-01 2.98622063e-01 -8.78716525e-01 -3.46789487e-01 -3.28016139e-01 9.86306426e-01
-3.89998456e-01 8.63122934e-02 9.16760664e-01 -1.09217978e+00 -2.88714810e-01 9.33930885e-01 -2.10750882e-01 3.03077754e-01 -8.74382641e-01 -3.46875011e-01 -3.39312464e-01 9.98916315e-01
-4.02242088e-01 8.65735854e-02 9.11430217e-01 -1.08833067e+00 -2.85945723e-01 9.33837610e-01 -2.14898678e-01 3.07578257e-01 -8.69733495e-01 -3.47060981e-01 -3.50873960e-01 1.01174077e+00
-4.14543202e-01 8.69078166e-02 9.05869595e-01 -1.08437563e+00 -2.83153666e-01 9.33699343e-01 -2.19154373e-01 3.12143925e-01 -8.64857156e-01 -3.47349369e-01 -3.62450988e-01 1.02466161e+00
-4.27183934e-01 8.71028406e-02 8.99958742e-01 -1.08013493e+00 -2.80355562e-01 9.33530647e-01 -2.23428734e-01 3.16719310e-01 -8.59601430e-01 -3.47753720e-01 -3.74370076e-01 1.03773840e+00
-4.39738932e-01 8.72425726e-02 8.93877601e-01 -1.07560478e+00 -2.77464257e-01 9.33387796e-01 -2.27596106e-01 3.21223710e-01 -8.54191561e-01 -3.48102080e-01 -3.86240804e-01 1.05073511e+00
-4.52354185e-01 8.72986467e-02 8.87554687e-01 -1.07065779e+00 -2.74556528e-01 9.33232184e-01 -2.31722923e-01 3.25646843e-01 -8.48524788e-01 -3.48504903e-01 -3.98183637e-01 1.06365731e+00
-4.64965838e-01 8.74155603e-02 8.81001730e-01 -1.06552221e+00 -2.71483940e-01 9.33093375e-01 -2.35865260e-01 3.30078387e-01 -8.42676217e-01 -3.48847236e-01 -4.10125186e-01 1.07660671e+00
-4.77696270e-01 8.77526891e-02 8.74130749e-01 -1.06016618e+00 -2.68129532e-01 9.32961007e-01 -2.40186482e-01 3.34572657e-01 -8.36607913e-01 -3.49116570e-01 -4.22143489e-01 1.08964623e+00
-4.90685448e-01 8.78569970e-02 8.66895473e-01 -1.05435289e+00 -2.64786355e-01 9.32817906e-01 -2.44414081e-01 3.39025541e-01 -8.30130062e-01 -3.49472657e-01 -4.34457420e-01 1.10281696e+00
-5.04171767e-01 8.77453437e-02 8.59133544e-01 -1.04778868e+00 -2.61597723e-01 9.32568498e-01 -2.48760868e-01 3.43493690e-01 -8.23029395e-01 -3.50165714e-01 -4.47221325e-01 1.11618134e+00
-5.18120073e-01 8.69007567e-02 8.50881158e-01 -1.04068669e+00 -2.58876237e-01 9.32229654e-01 -2.52844381e-01 3.47933353e-01 -8.15189928e-01 -3.51276774e-01 -4.60510977e-01 1.12987001e+00
-5.31946089e-01 8.62222109e-02 8.42376409e-01 -1.03327034e+00 -2.55826052e-01 9.31951632e-01 -2.56940589e-01 3.52310314e-01 -8.07208963e-01 -3.52180470e-01 -4.73690792e-01 1.14339086e+00
-5.45518227e-01 8.54807299e-02 8.33727669e-01 -1.02538357e+00 -2.52671165e-01 9.31725090e-01 -2.60854185e-01 3.56540700e-01 -7.99103918e-01 -3.52959748e-01 -4.86675161e-01 1.15666997e+00
-5.58824998e-01 8.48608028e-02 8.24931649e-01 -1.01706824e+00 -2.49462276e-01 9.31473379e-01 -2.64811552e-01 3.60710597e-01 -7.90874908e-01 -3.53772717e-01 -4.99361731e-01 1.16969823e+00
-5.71811536e-01 8.43827526e-02 8.16033132e-01 -1.00856689e+00 -2.45992789e-01 9.31290150e-01 -2.68673455e-01 3.64822420e-01 -7.82635931e-01 -3.54368922e-01 -5.11765618e-01 1.18260031e+00
-5.84663473e-01 8.37879938e-02 8.06936846e-01 -1.00009009e+00 -2.42396991e-01 9.31174890e-01 -2.72316282e-01 3.68842956e-01 -7.74217098e-01 -3.54812534e-01 -5.24114737e-01 1.19540338e+00
-5.97285308e-01 8.34551375e-02 7.97674341e-01 -9.91482040e-01 -2.38396725e-01 9.31144724e-01 -2.75926844e-01 3.72881543e-01 -7.65778713e-01 -3.54970090e-01 -5.36264389e-01 1.20825949e+00
-6.09982280e-01 8.32004350e-02 7.88034373e-01 -9.82677182e-01 -2.34337592e-01 9.31052161e-01 -2.79690626e-01 3.76961684e-01 -7.56972422e-01 -3.55272482e-01 -5.48429129e-01 1.22111805e+00
-6.23264193e-01 8.25193033e-02 7.77644655e-01 -9.73155095e-01 -2.30479394e-01 9.30862503e-01 -2.83501948e-01 3.81225434e-01 -7.47275564e-01 -3.55927752e-01 -5.61155061e-01 1.23472109e+00
-6.36213138e-01 8.17818194e-02 7.67165853e-01 -9.63524885e-01 -2.26499308e-01 9.30749955e-01 -2.87057033e-01 3.85494493e-01 -7.37516516e-01 -3.56392084e-01 -5.73632623e-01 1.24842313e+00
-6.49136748e-01 8.09041927e-02 7.56356348e-01 -9.53618293e-01 -2.22255762e-01 9.30764276e-01 -2.90309206e-01 3.89705711e-01 -7.27477556e-01 -3.56555009e-01 -5.86212677e-01 1.26224815e+00
-6.61790670e-01 8.02875697e-02 7.45376399e-01 -9.43772041e-01 -2.17952508e-01 9.30698829e-01 -2.93761114e-01 3.93910584e-01 -7.17307113e-01 -3.56865090e-01 -5.98429778e-01 1.27578532e+00
-6.74617152e-01 7.97171090e-02 7.33850011e-01 -9.33360843e-01 -2.13606126e-01 9.30535588e-01 -2.97447793e-01 3.98090125e-01 -7.06586021e-01 -3.57418321e-01 -6.10728037e-01 1.28920440e+00
-6.87397141e-01 7.90577666e-02 7.21965359e-01 -9.22375692e-01 -2.09299169e-01 9.30322962e-01 -3.01151584e-01 4.02164045e-01 -6.95470098e-01 -3.58117573e-01 -6.22955472e-01 1.30237468e+00
-7.00080947e-01 7.79660992e-02 7.09793550e-01 -9.10838549e-01 -2.05417345e-01 9.30012310e-01 -3.04762285e-01 4.06140510e-01 -6.83878627e-01 -3.59162268e-01 -6.35069173e-01 1.31534829e+00
-7.13171089e-01 7.62658251e-02 6.96828130e-01 -8.98333344e-01 -2.01967871e-01 9.29554620e-01 -3.08441911e-01 4.10151322e-01 -6.71264132e-01 -3.60708842e-01 -6.47529115e-01 1.32852875e+00
-7.25927127e-01 7.43691228e-02 6.83738158e-01 -8.85395353e-01 -1.98642531e-01 9.29098301e-01 -3.11956164e-01 4.14037529e-01 -6.58460612e-01 -3.62277037e-01 -6.59685713e-01 1.34136970e+00
-7.38258976e-01 7.29786401e-02 6.70556920e-01 -8.72361079e-01 -1.94671228e-01 9.28773633e-01 -3.15407277e-01 4.17811795e-01 -6.45814314e-01 -3.63390517e-01 -6.71469600e-01 1.35380555e+00
-7.49828716e-01 7.06946068e-02 6.57843359e-01 -8.59621674e-01 -1.91812569e-01 9.28347922e-01 -3.18397797e-01 4.21355792e-01 -6.33217236e-01 -3.64926585e-01 -6.82542805e-01 1.36566720e+00
-7.61306807e-01 6.75215077e-02 6.44865553e-01 -8.46717691e-01 -1.89803658e-01 9.27787959e-01 -3.21221313e-01 4.24793066e-01 -6.19988583e-01 -3.66945933e-01 -6.93516438e-01 1.37725231e+00
-7.72516575e-01 6.42957355e-02 6.31730143e-01 -8.33696307e-01 -1.87957751e-01 9.27125341e-01 -3.24206123e-01 4.28223860e-01 -6.06538792e-01 -3.69193324e-01 -7.04135778e-01 1.38846386e+00
-7.83939376e-01 6.01194452e-02 6.17918648e-01 -8.20199387e-01 -1.86967181e-01 9.26232006e-01 -3.27317498e-01 4.31822724e-01 -5.92014817e-01 -3.72127753e-01 -7.14870338e-01 1.39993212e+00
-7.95411058e-01 5.55762761e-02 6.03515704e-01 -8.06408778e-01 -1.86157130e-01 9.25245983e-01 -3.30551888e-01 4.35698024e-01 -5.76771967e-01 -3.75273573e-01 -7.25605941e-01 1.41191518e+00
-8.06274135e-01 5.07275035e-02 5.89361854e-01 -7.92913658e-01 -1.85779613e-01 9.24190445e-01 -3.33702058e-01 4.39512163e-01 -5.61611102e-01 -3.78546952e-01 -7.35727723e-01 1.42346721e+00
-8.17180782e-01 4.54016314e-02 5.74589329e-01 -7.79041000e-01 -1.85813524e-01 9.22917053e-01 -3.37189134e-01 4.43497418e-01 -5.45607849e-01 -3.82311147e-01 -7.45754885e-01 1.43503903e+00
-8.27631403e-01 3.97591095e-02 5.59860839e-01 -7.65248796e-01 -1.86097253e-01 9.21623426e-01 -3.40554188e-01 4.47446378e-01 -5.29521599e-01 -3.86042092e-01 -7.55366472e-01 1.44619441e+00
-8.38606092e-01 3.26372605e-02 5.43758564e-01 -7.50125514e-01 -1.87330063e-01 9.20043883e-01 -3.44130543e-01 4.51556680e-01 -5.11513800e-01 -3.90452479e-01 -7.65441481e-01 1.45746735e+00
-8.49967588e-01 2.52379643e-02 5.26228878e-01 -7.34001653e-01 -1.88160320e-01 9.18430583e-01 -3.47965647e-01 4.55799906e-01 -4.92087201e-01 -3.94775133e-01 -7.75888454e-01 1.46878929e+00
-8.61052553e-01 1.75979389e-02 5.08210120e-01 -7.17847299e-01 -1.88882977e-01 9.16831993e-01 -3.51769080e-01 4.60202608e-01 -4.72134234e-01 -3.98884121e-01 -7.86117592e-01 1.48026218e+00
-8.72005941e-01 9.82796118e-03 4.89395298e-01 -7.01396154e-01 -1.89313569e-01 9.15225495e-01 -3.55699068e-01 4.64713207e-01 -4.51403341e-01 -4.02821086e-01 -7.96222557e-01 1.49173982e+00
-8.82656466e-01 2.35122272e-03 4.70011434e-01 -6.84472259e-01 -1.89197165e-01 9.13616580e-01 -3.59872735e-01 4.69453396e-01 -4.30256847e-01 -4.06569063e-01 -8.05965753e-01 1.50307433e+00
-8.93163269e-01 -4.62465878e-03 4.49707347e-01 -6.66786583e-01 -1.88100453e-01 9.12124554e-01 -3.64206272e-01 4.74194976e-01 -4.08505226e-01 -4.09886053e-01 -8.15547093e-01 1.51381580e+00
-9.03617881e-01 -1.17287597e-02 4.28177358e-01 -6.48183587e-01 -1.86604925e-01 9.10557981e-01 -3.68865657e-01 4.79067718e-01 -3.85554400e-01 -4.13213828e-01 -8.24986225e-01 1.52435143e+00
-9.13808213e-01 -1.90436300e-02 4.05697606e-01 -6.29199503e-01 -1.84787345e-01 9.09016707e-01 -3.73552369e-01 4.84128329e-01 -3.61672509e-01 -4.16323251e-01 -8.34187053e-01 1.53507517e+00
-9.23458885e-01 -2.85251796e-02 3.82633794e-01 -6.10378676e-01 -1.84606870e-01 9.07254615e-01 -3.77900092e-01 4.89202747e-01 -3.36366971e-01 -4.19612287e-01 -8.43079396e-01 1.54601222e+00
-9.32501871e-01 -3.77093707e-02 3.59189260e-01 -5.91496205e-01 -1.83895784e-01 9.05532813e-01 -3.82350441e-01 4.94303595e-01 -3.10839799e-01 -4.22596175e-01 -8.51346682e-01 1.55615592e+00
-9.41231139e-01 -4.57205073e-02 3.34652440e-01 -5.71624479e-01 -1.81579145e-01 9.03935463e-01 -3.87206586e-01 4.99431560e-01 -2.84801232e-01 -4.25217107e-01 -8.59115083e-01 1.56539193e+00
-9.49584077e-01 -5.36153637e-02 3.08891869e-01 -5.50731839e-01 -1.78628188e-01 9.02225693e-01 -3.92530217e-01 5.04603178e-01 -2.57644814e-01 -4.27917518e-01 -8.66317394e-01 1.57371398e+00
-9.57526262e-01 -6.12818274e-02 2.81756655e-01 -5.28949369e-01 -1.74690296e-01 9.00701128e-01 -3.97768729e-01 5.09633233e-01 -2.29402808e-01 -4.30094400e-01 -8.73151343e-01 1.58130041e+00
-9.64888112e-01 -6.80245690e-02 2.53697460e-01 -5.06949117e-01 -1.69346872e-01 8.99435823e-01 -4.02909423e-01 5.14607227e-01 -2.00777082e-01 -4.31725630e-01 -8.79375705e-01 1.58849498e+00
-9.71369256e-01 -7.41306193e-02 2.25710742e-01 -4.84738465e-01 -1.63319170e-01 8.98337589e-01 -4.07818145e-01 5.19360465e-01 -1.72532843e-01 -4.33005123e-01 -8.84725446e-01 1.59489797e+00
-9.77127887e-01 -7.97983499e-02 1.97109789e-01 -4.61966576e-01 -1.56491356e-01 8.97437554e-01 -4.12450670e-01 5.24189320e-01 -1.43981026e-01 -4.33863270e-01 -8.89399934e-01 1.60116090e+00
-9.81987905e-01 -8.61568854e-02 1.68153773e-01 -4.38775508e-01 -1.49983256e-01 8.96711969e-01 -4.16427552e-01 5.28914406e-01 -1.14907554e-01 -4.34147305e-01 -8.93483342e-01 1.60706595e+00
-9.85932887e-01 -9.27587131e-02 1.39036323e-01 -4.15194654e-01 -1.43527542e-01 8.96141325e-01 -4.19916467e-01 5.33496777e-01 -8.56454084e-02 -4.33965250e-01 -8.96849553e-01 1.61246745e+00
-9.88972929e-01 -9.96693145e-02 1.09533546e-01 -3.91289966e-01 -1.37168188e-01 8.95304756e-01 -4.23808432e-01 5.38039954e-01 -5.58253062e-02 -4.34159806e-01 -8.99104537e-01 1.61685788e+00
-9.90928982e-01 -1.07594790e-01 8.05118899e-02 -3.67681353e-01 -1.31839690e-01 8.94389217e-01 -4.27417283e-01 5.42372993e-01 -2.60211637e-02 -4.34155056e-01 -9.00462353e-01 1.62063633e+00
-9.91872144e-01 -1.15789342e-01 5.27402235e-02 -3.44602420e-01 -1.27205394e-01 8.93524027e-01 -4.30619271e-01 5.46339499e-01 2.73642011e-03 -4.33828338e-01 -9.00991476e-01 1.62310273e+00
-9.91965737e-01 -1.23889395e-01 2.55825812e-02 -3.21472915e-01 -1.22662276e-01 8.92520385e-01 -4.34005283e-01 5.50085868e-01 3.09356599e-02 -4.33656587e-01 -9.00547114e-01 1.62421142e+00
-9.91627271e-01 -1.29129592e-01 -3.96930947e-05 -2.98857289e-01 -1.16093982e-01 8.91657222e-01 -4.37571534e-01 5.53469798e-01 5.65388326e-02 -4.33903434e-01 -8.99183729e-01 1.62424183e+00
-9.90780090e-01 -1.33192018e-01 -2.47764738e-02 -2.76651523e-01 -1.08736030e-01 8.90894089e-01 -4.41002756e-01 5.56469819e-01 8.08112973e-02 -4.34242809e-01 -8.97163817e-01 1.62324216e+00
-9.89352134e-01 -1.36813974e-01 -4.96332573e-02 -2.54158144e-01 -1.00812538e-01 8.90191939e-01 -4.44290871e-01 5.59162048e-01 1.04968384e-01 -4.34556620e-01 -8.94506785e-01 1.62134368e+00
-9.87468504e-01 -1.39857685e-01 -7.31090120e-02 -2.32064978e-01 -9.28922346e-02 8.89616267e-01 -4.47161244e-01 5.61564869e-01 1.27577981e-01 -4.34766547e-01 -8.91460665e-01 1.61892968e+00
-9.85063249e-01 -1.43185622e-01 -9.56421449e-02 -2.09858724e-01 -8.55505087e-02 8.89014018e-01 -4.49815968e-01 5.64078838e-01 1.49434494e-01 -4.34915121e-01 -8.87985535e-01 1.61654309e+00
-9.82257766e-01 -1.46933549e-01 -1.16530802e-01 -1.88445979e-01 -7.92448763e-02 8.88388847e-01 -4.52199975e-01 5.66881683e-01 1.69968130e-01 -4.34942643e-01 -8.84271410e-01 1.61487504e+00
-9.79275021e-01 -1.49601460e-01 -1.36525181e-01 -1.67493998e-01 -7.23499915e-02 8.88006304e-01 -4.54103059e-01 5.69814647e-01 1.89169844e-01 -4.34814342e-01 -8.80426863e-01 1.61368994e+00
-9.76117296e-01 -1.51278440e-01 -1.55913828e-01 -1.46765423e-01 -6.47691133e-02 8.87710159e-01 -4.55823317e-01 5.72543766e-01 2.07362695e-01 -4.34838789e-01 -8.76308212e-01 1.61204684e+00
-9.72682065e-01 -1.52822709e-01 -1.74740068e-01 -1.26284693e-01 -5.71996240e-02 8.87308003e-01 -4.57615531e-01 5.75122440e-01 2.24982487e-01 -4.35119512e-01 -8.71810790e-01 1.60991754e+00
-9.68953064e-01 -1.54341573e-01 -1.93152784e-01 -1.06228471e-01 -4.96464441e-02 8.86770489e-01 -4.59535153e-01 5.77493654e-01 2.42207780e-01 -4.35678773e-01 -8.66902276e-01 1.60720745e+00
-9.64849047e-01 -1.55247357e-01 -2.12046853e-01 -8.52948433e-02 -4.12013734e-02 8.86245071e-01 -4.61379718e-01 5.79729874e-01 2.59553706e-01 -4.36425302e-01 -8.61489921e-01 1.60382637e+00
-9.60371354e-01 -1.56202550e-01 -2.30839604e-01 -6.43416748e-02 -3.27388588e-02 8.85691542e-01 -4.63117441e-01 5.81632197e-01 2.76793068e-01 -4.37207417e-01 -8.55707527e-01 1.59969972e+00
-9.55454619e-01 -1.57024334e-01 -2.49898206e-01 -4.31531948e-02 -2.38845760e-02 8.85080556e-01 -4.64823654e-01 5.83104592e-01 2.94168939e-01 -4.38149300e-01 -8.49405650e-01 1.59445341e+00
-9.50239436e-01 -1.57594291e-01 -2.68716224e-01 -2.22981463e-02 -1.48548366e-02 8.84539797e-01 -4.66227199e-01 5.84123072e-01 3.11165229e-01 -4.39035826e-01 -8.42866481e-01 1.58842137e+00
-9.44875311e-01 -1.58571127e-01 -2.86470218e-01 -2.82838598e-03 -6.55654488e-03 8.83894064e-01 -4.67640272e-01 5.84932616e-01 3.27363865e-01 -4.39983575e-01 -8.36210231e-01 1.58228350e+00
-9.39039454e-01 -1.59074495e-01 -3.04794244e-01 1.74617783e-02 2.46935161e-03 8.83379595e-01 -4.68650706e-01 5.85855242e-01 3.43799708e-01 -4.40834223e-01 -8.29136380e-01 1.57621802e+00
-9.32779498e-01 -1.59495260e-01 -3.23238326e-01 3.84213256e-02 1.16272603e-02 8.82990124e-01 -4.69246574e-01 5.86845855e-01 3.60259182e-01 -4.41462017e-01 -8.21781507e-01 1.57021919e+00
-9.26075884e-01 -1.60173007e-01 -3.41653976e-01 5.93156607e-02 2.05961532e-02 8.82628768e-01 -4.69618318e-01 5.87592953e-01 3.76774159e-01 -4.41939014e-01 -8.14083147e-01 1.56374546e+00
-9.18946710e-01 -1.60978706e-01 -3.60030878e-01 8.01221801e-02 2.94978837e-02 8.82288097e-01 -4.69783718e-01 5.88116645e-01 3.93276495e-01 -4.42326390e-01 -8.06028071e-01 1.55683090e+00
-9.11136170e-01 -1.61966539e-01 -3.78942113e-01 1.01277830e-01 3.85485675e-02 8.81999855e-01 -4.69669459e-01 5.88380642e-01 4.10297995e-01 -4.42540539e-01 -7.97379288e-01 1.54927303e+00
-9.02850027e-01 -1.62834442e-01 -3.97927427e-01 1.22321396e-01 4.78281305e-02 8.81728510e-01 -4.69325485e-01 5.88451629e-01 4.27286720e-01 -4.42762657e-01 -7.88281421e-01 1.54137920e+00
-8.94400862e-01 -1.63035489e-01 -4.16492483e-01 1.43084754e-01 5.74243475e-02 8.81631714e-01 -4.68430375e-01 5.88358932e-01 4.43564206e-01 -4.42881337e-01 -7.79170841e-01 1.53350454e+00
-8.85381457e-01 -1.63595186e-01 -4.35127335e-01 1.63979003e-01 6.69817421e-02 8.81366211e-01 -4.67660237e-01 5.88073926e-01 4.60013969e-01 -4.43203266e-01 -7.69388278e-01 1.52485486e+00
-8.75874771e-01 -1.64463252e-01 -4.53646144e-01 1.84569009e-01 7.61887012e-02 8.81197644e-01 -4.66567359e-01 5.87535258e-01 4.76485585e-01 -4.43217240e-01 -7.59289370e-01 1.51595833e+00
-8.65625907e-01 -1.64969296e-01 -4.72733032e-01 2.05387123e-01 8.61008684e-02 8.81050135e-01 -4.65119734e-01 5.86713446e-01 4.93232495e-01 -4.43322356e-01 -7.48456656e-01 1.50644904e+00
-8.54810533e-01 -1.65481633e-01 -4.91847916e-01 2.26490652e-01 9.61420571e-02 8.80884455e-01 -4.63463475e-01 5.85721562e-01 5.09956385e-01 -4.43460679e-01 -7.37080394e-01 1.49645138e+00
-8.43601037e-01 -1.65954550e-01 -5.10681831e-01 2.47547358e-01 1.06149859e-01 8.80734854e-01 -4.61559751e-01 5.84800184e-01 5.26373773e-01 -4.43581053e-01 -7.25373589e-01 1.48659684e+00
-8.31522241e-01 -1.66421631e-01 -5.29975622e-01 2.68532643e-01 1.16525520e-01 8.80581303e-01 -4.59344559e-01 5.83242989e-01 5.43132082e-01 -4.43710869e-01 -7.12831344e-01 1.47545905e+00
-8.18661825e-01 -1.67655705e-01 -5.49257566e-01 2.89081750e-01 1.26247218e-01 8.80495720e-01 -4.56933168e-01 5.81162843e-01 5.60226998e-01 -4.43415956e-01 -6.99662967e-01 1.46335626e+00
-8.05461807e-01 -1.68569951e-01 -5.68168086e-01 3.09197979e-01 1.36240241e-01 8.80351904e-01 -4.54332581e-01 5.78819413e-01 5.76775333e-01 -4.43354858e-01 -6.86124596e-01 1.45086699e+00
-7.91720955e-01 -1.70135943e-01 -5.86712171e-01 3.28624414e-01 1.45557389e-01 8.80231092e-01 -4.51669308e-01 5.76243575e-01 5.93288173e-01 -4.42996304e-01 -6.72133651e-01 1.43794696e+00
-7.77089036e-01 -1.71910930e-01 -6.05457425e-01 3.47924649e-01 1.54241311e-01 8.80624513e-01 -4.48005555e-01 5.73031188e-01 6.10198420e-01 -4.41526735e-01 -6.57808646e-01 1.42426250e+00
-7.62083321e-01 -1.73341836e-01 -6.23843783e-01 3.66664939e-01 1.63218228e-01 8.80950257e-01 -4.44168122e-01 5.69345324e-01 6.26568998e-01 -4.40315758e-01 -6.43065719e-01 1.40967269e+00
-7.46941108e-01 -1.74456093e-01 -6.41594481e-01 3.84732722e-01 1.72433278e-01 8.81120627e-01 -4.40331783e-01 5.65394130e-01 6.42141461e-01 -4.39534130e-01 -6.28063905e-01 1.39458873e+00
-7.31718778e-01 -1.75465018e-01 -6.58634287e-01 4.02220698e-01 1.81265930e-01 8.81406312e-01 -4.36193125e-01 5.61354091e-01 6.57061839e-01 -4.38558612e-01 -6.13136436e-01 1.37966703e+00
-7.16393418e-01 -1.75891813e-01 -6.75160695e-01 4.19610083e-01 1.90561515e-01 8.81576249e-01 -4.31866278e-01 5.57328952e-01 6.71168185e-01 -4.38045779e-01 -5.98037902e-01 1.36483462e+00
-7.00686601e-01 -1.76760675e-01 -6.91226005e-01 4.36814485e-01 1.99106838e-01 8.81888884e-01 -4.27349158e-01 5.53315018e-01 6.85123890e-01 -4.37065614e-01 -5.82734143e-01 1.35006323e+00
-6.84810336e-01 -1.77323179e-01 -7.06817310e-01 4.54003345e-01 2.07605171e-01 8.82274041e-01 -4.22482439e-01 5.49122034e-01 6.98523344e-01 -4.36059229e-01 -5.67377857e-01 1.33500982e+00
-6.68543060e-01 -1.77679488e-01 -7.22135464e-01 4.71068922e-01 2.16074812e-01 8.82737729e-01 -4.17234485e-01 5.44672142e-01 7.11591055e-01 -4.34974454e-01 -5.51756802e-01 1.31954408e+00
-6.51946457e-01 -1.78460792e-01 -7.36964708e-01 4.87550813e-01 2.24137682e-01 8.83122922e-01 -4.12134667e-01 5.40277322e-01 7.24381174e-01 -4.33871244e-01 -5.35749753e-01 1.30415888e+00
-6.34700034e-01 -1.79497710e-01 -7.51622108e-01 5.03470413e-01 2.31596255e-01 8.83753678e-01 -4.06621900e-01 5.35495318e-01 7.37237410e-01 -4.32155769e-01 -5.19348138e-01 1.28825176e+00
-6.16814674e-01 -1.81025368e-01 -7.66008346e-01 5.18754051e-01 2.38188689e-01 8.84634750e-01 -4.00856866e-01 5.30340662e-01 7.50203802e-01 -4.29708897e-01 -5.02538134e-01 1.27170411e+00
-5.98308054e-01 -1.82753800e-01 -7.80146023e-01 5.33392696e-01 2.44088205e-01 8.85794962e-01 -3.94698474e-01 5.24706594e-01 7.63183044e-01 -4.26575679e-01 -4.85370849e-01 1.25435651e+00
-5.79706941e-01 -1.84112783e-01 -7.93751667e-01 5.47688347e-01 2.50052192e-01 8.86936795e-01 -3.88350043e-01 5.19051264e-01 7.75508741e-01 -4.23608504e-01 -4.68126199e-01 1.23702815e+00
-5.60972836e-01 -1.86139066e-01 -8.06635707e-01 5.61476000e-01 2.54738747e-01 8.88298973e-01 -3.82141219e-01 5.13422127e-01 7.87666049e-01 -4.19852135e-01 -4.50895302e-01 1.21966636e+00
-5.42138013e-01 -1.88804821e-01 -8.18803156e-01 5.74229727e-01 2.57810440e-01 8.90059415e-01 -3.75934617e-01 5.07734820e-01 7.99762705e-01 -4.14904341e-01 -4.33859707e-01 1.20238833e+00
-5.23733760e-01 -1.91993000e-01 -8.29964496e-01 5.86433730e-01 2.59797744e-01 8.91861687e-01 -3.70252143e-01 5.02418629e-01 8.11300383e-01 -4.09536353e-01 -4.17219214e-01 1.18550898e+00
-5.05129371e-01 -1.95088081e-01 -8.40704670e-01 5.98435638e-01 2.61363751e-01 8.93793677e-01 -3.64445568e-01 4.97232108e-01 8.22516570e-01 -4.03821785e-01 -4.00492969e-01 1.16882702e+00
-4.86857029e-01 -1.98176613e-01 -8.50703007e-01 6.10279402e-01 2.62598607e-01 8.95659775e-01 -3.58934788e-01 4.92387667e-01 8.33074038e-01 -3.98143241e-01 -3.84017841e-01 1.15258347e+00
-4.67897375e-01 -2.01984204e-01 -8.60391619e-01 6.21831946e-01 2.62670959e-01 8.97757474e-01 -3.53601719e-01 4.87659880e-01 8.43846071e-01 -3.91449112e-01 -3.67003420e-01 1.13623488e+00
-4.49001780e-01 -2.05777843e-01 -8.69512606e-01 6.32637656e-01 2.62144266e-01 8.99961564e-01 -3.48350834e-01 4.82960809e-01 8.54211919e-01 -3.84347797e-01 -3.50141257e-01 1.11986288e+00
-4.29264453e-01 -2.09313663e-01 -8.78589281e-01 6.42904955e-01 2.61650320e-01 9.02239184e-01 -3.42786127e-01 4.78118532e-01 8.64448595e-01 -3.77028968e-01 -3.32532591e-01 1.10298325e+00
-4.08451762e-01 -2.12971857e-01 -8.87586316e-01 6.53108577e-01 2.60947639e-01 9.04570586e-01 -3.37130762e-01 4.73236577e-01 8.74684948e-01 -3.69315092e-01 -3.13899290e-01 1.08564292e+00
-3.87757489e-01 -2.16085052e-01 -8.96075201e-01 6.63111973e-01 2.60229258e-01 9.06925097e-01 -3.31310198e-01 4.68553665e-01 8.84265333e-01 -3.61652867e-01 -2.95435661e-01 1.06882345e+00
-3.67023093e-01 -2.19284793e-01 -9.03995393e-01 6.72916333e-01 2.59476863e-01 9.09108065e-01 -3.25872930e-01 4.64095162e-01 8.93289550e-01 -3.54168623e-01 -2.76764608e-01 1.05206830e+00
-3.46565022e-01 -2.21778246e-01 -9.11431018e-01 6.81849717e-01 2.59635617e-01 9.11006273e-01 -3.20399483e-01 4.59644051e-01 9.01378090e-01 -3.47679058e-01 -2.58141628e-01 1.03528623e+00
-3.25365548e-01 -2.24187590e-01 -9.18627587e-01 6.90390665e-01 2.60013217e-01 9.12826421e-01 -3.14865058e-01 4.55082456e-01 9.09137457e-01 -3.41301381e-01 -2.38710748e-01 1.01790331e+00
-3.03860002e-01 -2.26324203e-01 -9.25443646e-01 6.98339919e-01 2.60911589e-01 9.14468520e-01 -3.09307880e-01 4.50416796e-01 9.16294043e-01 -3.35445065e-01 -2.18820007e-01 1.00021103e+00
-2.82697653e-01 -2.28267461e-01 -9.31652028e-01 7.06213550e-01 2.61543270e-01 9.16124628e-01 -3.03825010e-01 4.46066266e-01 9.22863840e-01 -3.29557720e-01 -1.99284659e-01 9.83250428e-01
-2.61321900e-01 -2.30164204e-01 -9.37408547e-01 7.14269814e-01 2.60637217e-01 9.18254829e-01 -2.98119395e-01 4.41854353e-01 9.29397456e-01 -3.22228464e-01 -1.79970905e-01 9.66691162e-01
-2.40405991e-01 -2.31490717e-01 -9.42664561e-01 7.21792663e-01 2.60043139e-01 9.20287463e-01 -2.92313938e-01 4.37897568e-01 9.35191430e-01 -3.15407262e-01 -1.61045189e-01 9.50923906e-01
-2.19235433e-01 -2.32866090e-01 -9.47474917e-01 7.28558681e-01 2.59659391e-01 9.22152220e-01 -2.86724847e-01 4.33903858e-01 9.40485676e-01 -3.08880774e-01 -1.41702701e-01 9.34860950e-01
-1.97619695e-01 -2.34114309e-01 -9.51912022e-01 7.34514666e-01 2.60666136e-01 9.23551766e-01 -2.81254515e-01 4.29841490e-01 9.44986831e-01 -3.03712403e-01 -1.21486458e-01 9.18299083e-01
-1.76472386e-01 -2.35361248e-01 -9.55752160e-01 7.39557990e-01 2.61967151e-01 9.24739879e-01 -2.76094600e-01 4.25915529e-01 9.48805145e-01 -2.99098481e-01 -1.01534226e-01 9.02205806e-01
-1.56160111e-01 -2.36219107e-01 -9.59069398e-01 7.43732205e-01 2.63672032e-01 9.25776030e-01 -2.70951346e-01 4.22017422e-01 9.51888415e-01 -2.95191309e-01 -8.22849830e-02 8.86704929e-01
-1.36056927e-01 -2.36836111e-01 -9.61975420e-01 7.47881737e-01 2.65530719e-01 9.26760087e-01 -2.65721609e-01 4.18266215e-01 9.54453972e-01 -2.91587030e-01 -6.32049147e-02 8.71651314e-01
-1.16500926e-01 -2.37076797e-01 -9.64480001e-01 7.51757413e-01 2.67687678e-01 9.27660713e-01 -2.60360805e-01 4.14519609e-01 9.56436814e-01 -2.88511414e-01 -4.46108189e-02 8.56952445e-01
-9.75241647e-02 -2.37318581e-01 -9.66523907e-01 7.55312656e-01 2.70088000e-01 9.28396235e-01 -2.55209277e-01 4.10876557e-01 9.57884164e-01 -2.85935307e-01 -2.64441685e-02 8.42549204e-01
-7.93234516e-02 -2.37366163e-01 -9.68175883e-01 7.58735519e-01 2.72452665e-01 9.29093650e-01 -2.50106770e-01 4.07379750e-01 9.58894080e-01 -2.83621175e-01 -9.02785124e-03 8.28666090e-01
-6.19906812e-02 -2.37182396e-01 -9.69484988e-01 7.61793665e-01 2.74763869e-01 9.29764573e-01 -2.45033849e-01 4.04071682e-01 9.59511642e-01 -2.81568995e-01 7.53245536e-03 8.15708719e-01
-4.51704214e-02 -2.36849725e-01 -9.70495385e-01 7.64665009e-01 2.77083031e-01 9.30399297e-01 -2.39960745e-01 4.00795506e-01 9.59783954e-01 -2.79746681e-01 2.36005724e-02 8.03050604e-01
-2.95215432e-02 -2.36535371e-01 -9.71174017e-01 7.67171531e-01 2.79521572e-01 9.30880747e-01 -2.35218556e-01 3.97640160e-01 9.59685818e-01 -2.78407838e-01 3.86357804e-02 7.90958358e-01
-1.46270253e-02 -2.35966970e-01 -9.71650680e-01 7.69247512e-01 2.81579167e-01 9.31454631e-01 -2.30444126e-01 3.94501541e-01 9.59426866e-01 -2.76967049e-01 5.28190656e-02 7.79479273e-01
-4.91449099e-04 -2.35501260e-01 -9.71873619e-01 7.71167348e-01 2.83600894e-01 9.31937926e-01 -2.25967569e-01 3.91533257e-01 9.58942670e-01 -2.75735023e-01 6.63304747e-02 7.68496202e-01
1.29701923e-02 -2.35152356e-01 -9.71871661e-01 7.72874967e-01 2.85352516e-01 9.32405526e-01 -2.21794976e-01 3.88726820e-01 9.58335258e-01 -2.74449052e-01 7.91949154e-02 7.58014981e-01
2.53889878e-02 -2.34748025e-01 -9.71724293e-01 7.74411221e-01 2.86779487e-01 9.32892060e-01 -2.17874025e-01 3.86096032e-01 9.57660542e-01 -2.73138748e-01 9.10062333e-02 7.48271757e-01
3.69011931e-02 -2.34264453e-01 -9.71472005e-01 7.75921816e-01 2.87757539e-01 9.33449595e-01 -2.14165112e-01 3.83606662e-01 9.56992551e-01 -2.71645195e-01 1.01856905e-01 7.39048617e-01
4.73876580e-02 -2.33751288e-01 -9.71140652e-01 7.77146761e-01 2.88656097e-01 9.33957017e-01 -2.10715992e-01 3.81268333e-01 9.56259868e-01 -2.70340079e-01 1.11731918e-01 7.30542174e-01
5.73577445e-02 -2.33145643e-01 -9.70748492e-01 7.78243946e-01 2.89349296e-01 9.34497370e-01 -2.07342593e-01 3.79054576e-01 9.55503981e-01 -2.68992446e-01 1.21061351e-01 7.22577041e-01
6.67165266e-02 -2.32605700e-01 -9.70279810e-01 7.79262414e-01 2.89949279e-01 9.35000828e-01 -2.04211232e-01 3.77003508e-01 9.54714146e-01 -2.67707435e-01 1.29824028e-01 7.15137302e-01
7.50525896e-02 -2.32133401e-01 -9.69783751e-01 7.80249399e-01 2.90617805e-01 9.35400373e-01 -2.01411876e-01 3.75182650e-01 9.53891574e-01 -2.66719720e-01 1.37666494e-01 7.08391574e-01
8.27405592e-02 -2.31769835e-01 -9.69245103e-01 7.81171257e-01 2.91290123e-01 9.35730925e-01 -1.98889430e-01 3.73506107e-01 9.53050224e-01 -2.65875088e-01 1.44935351e-01 7.02034909e-01
8.96903023e-02 -2.31372022e-01 -9.68721799e-01 7.82044192e-01 2.91839372e-01 9.36054246e-01 -1.96549197e-01 3.71958526e-01 9.52253165e-01 -2.65082404e-01 1.51478640e-01 6.96166561e-01
9.60828753e-02 -2.30974956e-01 -9.68203492e-01 7.82856551e-01 2.92300276e-01 9.36365006e-01 -1.94372070e-01 3.70535617e-01 9.51487964e-01 -2.64330105e-01 1.57482878e-01 6.90737146e-01
1.01624517e-01 -2.30703462e-01 -9.67702245e-01 7.83550085e-01 2.92642448e-01 9.36631681e-01 -1.92563797e-01 3.69333316e-01 9.50806768e-01 -2.63621346e-01 1.62698568e-01 6.85883234e-01
1.06190384e-01 -2.30392025e-01 -9.67286122e-01 7.84224039e-01 2.92917980e-01 9.36867818e-01 -1.90989719e-01 3.68277028e-01 9.50222746e-01 -2.63054018e-01 1.66972533e-01 6.81597124e-01
1.10066995e-01 -2.30033621e-01 -9.66938037e-01 7.84884583e-01 2.93239476e-01 9.37060441e-01 -1.89546089e-01 3.67375263e-01 9.49682339e-01 -2.62681417e-01 1.70594577e-01 6.77883562e-01
1.13293950e-01 -2.29568284e-01 -9.66675893e-01 7.85617683e-01 2.93552302e-01 9.37239183e-01 -1.88173294e-01 3.66601709e-01 9.49206086e-01 -2.62450827e-01 1.73574039e-01 6.74740543e-01
1.15748863e-01 -2.29062287e-01 -9.66505072e-01 7.86353094e-01 2.93735406e-01 9.37418478e-01 -1.86990812e-01 3.66008213e-01 9.48853198e-01 -2.62252579e-01 1.75789037e-01 6.72309967e-01
1.17789309e-01 -2.28564865e-01 -9.66376279e-01 7.87207795e-01 2.93899179e-01 9.37577954e-01 -1.85930766e-01 3.65553402e-01 9.48551275e-01 -2.62116346e-01 1.77611906e-01 6.70303052e-01
1.19453891e-01 -2.28049221e-01 -9.66293731e-01 7.88180927e-01 2.94015079e-01 9.37733118e-01 -1.84962332e-01 3.65227845e-01 9.48307106e-01 -2.62010280e-01 1.79066010e-01 6.68738435e-01
1.20637704e-01 -2.27595265e-01 -9.66253735e-01 7.89252765e-01 2.94030069e-01 9.37878162e-01 -1.84201528e-01 3.65061793e-01 9.48152590e-01 -2.61885812e-01 1.80063559e-01 6.67582838e-01
1.21095943e-01 -2.27253154e-01 -9.66276912e-01 7.90365667e-01 2.93897949e-01 9.38003856e-01 -1.83771730e-01 3.65094051e-01 9.48135080e-01 -2.61732616e-01 1.80377946e-01 6.66941129e-01
