1.00000000e+00 0.00000000e+00 0.00000000e+00 0.00000000e+00 0.00000000e+00 1.00000000e+00 0.00000000e+00 0.00000000e+00 0.00000000e+00 0.00000000e+00 1.00000000e+00 0.00000000e+00
9.99999993e-01 3.79785704e-05 -7.65963476e-05 -1.57803149e-04 -3.78753382e-05 9.99999077e-01 1.34728891e-03 -3.89418924e-04 7.66474529e-05 -1.34728601e-03 9.99999073e-01 -1.06313990e-03
9.99999981e-01 7.52880750e-05 -1.39985868e-04 -3.29490570e-04 -7.49106734e-05 9.99996340e-01 2.69405414e-03 -7.79963521e-04 1.40188196e-04 -2.69404359e-03 9.99996330e-01 -2.12522837e-03
9.99999968e-01 1.13529712e-04 -1.85362733e-04 -5.20009759e-04 -1.12780054e-04 9.99991796e-01 4.03928642e-03 -1.17125581e-03 1.85819805e-04 -4.03926540e-03 9.99991782e-01 -3.18665551e-03
9.99999958e-01 1.63709948e-04 -1.93700242e-04 -7.49910142e-04 -1.62665381e-04 9.99985466e-01 5.38046833e-03 -1.56203692e-03 1.94578279e-04 -5.38043666e-03 9.99985458e-01 -4.23715883e-03
9.99999953e-01 2.15557814e-04 -1.54805734e-04 -1.01640145e-03 -2.14512417e-04 9.99977335e-01 6.72149488e-03 -1.95347560e-03 1.56251111e-04 -6.72146146e-03 9.99977344e-01 -5.27644638e-03
9.99999946e-01 2.64994392e-04 -5.24845684e-05 -1.33069715e-03 -2.64562573e-04 9.99967396e-01 8.06328582e-03 -2.34597641e-03 5.46196029e-05 -8.06327171e-03 9.99967424e-01 -6.29901562e-03
9.99999921e-01 3.06507206e-04 8.56777720e-05 -1.67294650e-03 -3.07300162e-04 9.99955565e-01 9.41367377e-03 -2.74150167e-03 -8.27885933e-05 -9.41369978e-03 9.99955594e-01 -7.30353181e-03
9.99999864e-01 3.53647383e-04 2.48931871e-04 -2.03060264e-03 -3.56308425e-04 9.99941806e-01 1.07722361e-02 -3.14107944e-03 -2.45107816e-04 -1.07723240e-02 9.99941812e-01 -8.30270371e-03
9.99999812e-01 3.92702034e-04 3.51952191e-04 -2.33929305e-03 -3.96949727e-04 9.99925985e-01 1.21512764e-02 -3.54875338e-03 -3.47154319e-04 -1.21514147e-02 9.99925971e-01 -9.32704646e-03
9.99999765e-01 4.30243514e-04 4.25519775e-04 -2.62735642e-03 -4.35961754e-04 9.99908255e-01 1.35307400e-02 -3.95767857e-03 -4.19659231e-04 -1.35309233e-02 9.99908226e-01 -1.03583116e-02
9.99999674e-01 4.64043331e-04 5.59882534e-04 -2.96872792e-03 -4.72333167e-04 9.99888815e-01 1.48982854e-02 -4.36333829e-03 -5.52906824e-04 -1.48985462e-02 9.99888728e-01 -1.13677145e-02
9.99999515e-01 5.04604764e-04 7.45278069e-04 -3.34751426e-03 -5.16664100e-04 9.99867417e-01 1.62704775e-02 -4.77168081e-03 -7.36969077e-04 -1.62708564e-02 9.99867215e-01 -1.23527660e-02
9.99999311e-01 5.60560805e-04 9.31433700e-04 -3.72342145e-03 -5.76911342e-04 9.99844028e-01 1.76476731e-02 -5.18373379e-03 -9.21395802e-04 -1.76482006e-02 9.99843687e-01 -1.33291445e-02
9.99999006e-01 6.11911413e-04 1.20729571e-03 -4.16541053e-03 -6.34779658e-04 9.99818570e-01 1.90331692e-02 -5.59841509e-03 -1.19543005e-03 -1.90339182e-02 9.99817992e-01 -1.42878120e-02
9.99998537e-01 6.61082401e-04 1.53157511e-03 -4.64594678e-03 -6.92218427e-04 9.99791183e-01 2.04188944e-02 -6.01391346e-03 -1.51775674e-03 -2.04199262e-02 9.99790208e-01 -1.52521636e-02
9.99997959e-01 7.17876845e-04 1.85331476e-03 -5.11997569e-03 -7.58068517e-04 9.99762433e-01 2.17775342e-02 -6.42421486e-03 -1.83724101e-03 -2.17788960e-02 9.99760971e-01 -1.62308400e-02
9.99997145e-01 7.84900939e-04 2.22273765e-03 -5.62931448e-03 -8.36130204e-04 9.99731749e-01 2.31414777e-02 -6.83774550e-03 -2.20397769e-03 -2.31432719e-02 9.99729591e-01 -1.71989866e-02
9.99996080e-01 8.52446354e-04 2.62875120e-03 -6.17088656e-03 -9.16661759e-04 9.99698703e-01 2.45244528e-02 -7.25882570e-03 -2.60705348e-03 -2.45267691e-02 9.99695610e-01 -1.81616753e-02
9.99994832e-01 9.11639887e-04 3.04128399e-03 -6.71646616e-03 -9.90110246e-04 9.99663924e-01 2.59008067e-02 -7.67918870e-03 -3.01664977e-03 -2.59036881e-02 9.99659707e-01 -1.91201142e-02
9.99993445e-01 9.46059428e-04 3.46644990e-03 -7.28187417e-03 -1.04024007e-03 9.99627505e-01 2.72689054e-02 -8.09782530e-03 -3.43936064e-03 -2.72723351e-02 9.99621986e-01 -2.00739547e-02
9.99991863e-01 9.89404142e-04 3.89256406e-03 -7.85182903e-03 -1.10062761e-03 9.99588094e-01 2.86757285e-02 -8.53039980e-03 -3.86258863e-03 -2.86797804e-02 9.99581101e-01 -2.10323388e-02
9.99990183e-01 1.00728662e-03 4.29369597e-03 -8.41182502e-03 -1.13593770e-03 9.99547175e-01 3.00664316e-02 -8.95893008e-03 -4.26146615e-03 -3.00710160e-02 9.99538558e-01 -2.19892838e-02
9.99988254e-01 1.02296523e-03 4.71221187e-03 -8.98925899e-03 -1.17079556e-03 9.99503738e-01 3.14765986e-02 -9.39523919e-03 -4.67767375e-03 -3.14817499e-02 9.99493249e-01 -2.29304151e-02
9.99986448e-01 1.04306671e-03 5.07574379e-03 -9.52816261e-03 -1.20951156e-03 9.99457835e-01 3.29004268e-02 -9.83541291e-03 -5.03867442e-03 -3.29061246e-02 9.99445606e-01 -2.38703107e-02
9.99984224e-01 1.08155860e-03 5.48452194e-03 -1.00922090e-02 -1.26900545e-03 9.99411039e-01 3.42899543e-02 -1.02672164e-02 -5.44420521e-03 -3.42963794e-02 9.99396701e-01 -2.48257625e-02
9.99981989e-01 1.12767330e-03 5.86679882e-03 -1.06376796e-02 -1.33649126e-03 9.99361150e-01 3.57118959e-02 -1.07088367e-02 -5.82277954e-03 -3.57191008e-02 9.99344717e-01 -2.57749716e-02
9.99979132e-01 1.16653624e-03 6.32991800e-03 -1.12416088e-02 -1.40068708e-03 9.99310012e-01 3.71137142e-02 -1.11445515e-02 -6.28225567e-03 -3.71218123e-02 9.99290853e-01 -2.67030545e-02
9.99976054e-01 1.22252204e-03 6.79077168e-03 -1.18347517e-02 -1.48348687e-03 9.99255223e-01 3.85582274e-02 -1.15937360e-02 -6.73857519e-03 -3.85673834e-02 9.99233173e-01 -2.76357205e-02
9.99972901e-01 1.28063288e-03 7.23284571e-03 -1.24186193e-02 -1.56887176e-03 9.99198910e-01 3.99873719e-02 -1.20397685e-02 -7.17584199e-03 -3.99976393e-02 9.99173911e-01 -2.85791574e-02
9.99968990e-01 1.30607190e-03 7.74868320e-03 -1.30629119e-02 -1.62617083e-03 9.99139268e-01 4.14487136e-02 -1.24956071e-02 -7.68787829e-03 -4.14600337e-02 9.99110479e-01 -2.94801348e-02
9.99965222e-01 1.32959347e-03 8.21797044e-03 -1.36732727e-02 -1.68111773e-03 9.99077163e-01 4.29172881e-02 -1.29541095e-02 -8.15332386e-03 -4.29296149e-02 9.99044725e-01 -3.03758440e-02
9.99960866e-01 1.35814025e-03 8.72641254e-03 -1.42972856e-02 -1.74447288e-03 9.99011475e-01 4.44176982e-02 -1.34244425e-02 -8.65746061e-03 -4.44311880e-02 9.98974823e-01 -3.12545587e-02
9.99955956e-01 1.37106779e-03 9.26728726e-03 -1.49552241e-02 -1.79483827e-03 9.98945530e-01 4.58750770e-02 -1.38825907e-02 -9.19461708e-03 -4.58896972e-02 9.98904068e-01 -3.21325365e-02
9.99950348e-01 1.38340879e-03 9.85292858e-03 -1.56394327e-02 -1.84825697e-03 9.98877714e-01 4.73269811e-02 -1.43397059e-02 -9.77639771e-03 -4.73428487e-02 9.98830749e-01 -3.30100291e-02
9.99943744e-01 1.40165324e-03 1.05020529e-02 -1.63600169e-02 -1.91218484e-03 9.98808581e-01 4.87613429e-02 -1.47935636e-02 -1.04211940e-02 -4.87786857e-02 9.98755148e-01 -3.38890331e-02
9.99936592e-01 1.42790946e-03 1.11609382e-02 -1.70901599e-02 -1.98642276e-03 9.98737548e-01 5.01920270e-02 -1.52479083e-02 -1.10751787e-02 -5.02110169e-02 9.98677134e-01 -3.47729599e-02
9.99928537e-01 1.46919207e-03 1.18553351e-02 -1.78505234e-02 -2.07912494e-03 9.98665579e-01 5.16008171e-02 -1.56983042e-02 -1.17637036e-02 -5.16217807e-02 9.98597347e-01 -3.56664694e-02
9.99920189e-01 1.50184167e-03 1.25363254e-02 -1.85917330e-02 -2.16419038e-03 9.98592678e-01 5.29891832e-02 -1.61454975e-02 -1.24391019e-02 -5.30120868e-02 9.98516313e-01 -3.65715999e-02
9.99910892e-01 1.51946134e-03 1.32538253e-02 -1.93557341e-02 -2.23777006e-03 9.98519339e-01 5.43510526e-02 -1.65857650e-02 -1.31516165e-02 -5.43758721e-02 9.98433848e-01 -3.74650863e-02
9.99900072e-01 1.52808044e-03 1.40444768e-02 -2.01675185e-02 -2.30798414e-03 9.98445750e-01 5.56836955e-02 -1.70170326e-02 -1.39375590e-02 -5.57105506e-02 9.98349590e-01 -3.83516677e-02
9.99888722e-01 1.54233368e-03 1.48285152e-02 -2.09814411e-02 -2.38580036e-03 9.98369372e-01 5.70331122e-02 -1.74550546e-02 -1.47163720e-02 -5.70621494e-02 9.98262042e-01 -3.92352824e-02
9.99876617e-01 1.55694610e-03 1.56210220e-02 -2.18031277e-02 -2.46693855e-03 9.98289845e-01 5.84053320e-02 -1.79005594e-02 -1.55033742e-02 -5.84366697e-02 9.98170602e-01 -4.01098276e-02
9.99863631e-01 1.55643981e-03 1.64296194e-02 -2.26360976e-02 -2.53607727e-03 9.98208606e-01 5.97749836e-02 -1.83445427e-02 -1.63071517e-02 -5.98085101e-02 9.98076517e-01 -4.09836443e-02
9.99849953e-01 1.55487234e-03 1.72403960e-02 -2.34754746e-02 -2.60646748e-03 9.98125613e-01 6.11423913e-02 -1.87893338e-02 -1.71130123e-02 -6.11781684e-02 9.97979989e-01 -4.18645098e-02
9.99835125e-01 1.55485997e-03 1.80802494e-02 -2.43352278e-02 -2.68238882e-03 9.98040931e-01 6.25065108e-02 -1.92334612e-02 -1.79476395e-02 -6.25447175e-02 9.97880639e-01 -4.27412658e-02
9.99820315e-01 1.55703138e-03 1.88802055e-02 -2.51716298e-02 -2.76015358e-03 9.97954638e-01 6.38664533e-02 -1.96791883e-02 -1.87421453e-02 -6.39071064e-02 9.97779708e-01 -4.36340714e-02
9.99803247e-01 1.57229188e-03 1.97606960e-02 -2.60667908e-02 -2.85844872e-03 9.97866313e-01 6.52279777e-02 -2.01260661e-02 -1.96159736e-02 -6.52716492e-02 9.97674566e-01 -4.45277379e-02
9.99784404e-01 1.59499808e-03 2.06896942e-02 -2.70005884e-02 -2.96907865e-03 9.97778423e-01 6.65541481e-02 -2.05634780e-02 -2.05375746e-02 -6.66012509e-02 9.97568136e-01 -4.54232111e-02
9.99763018e-01 1.64330427e-03 2.16936168e-02 -2.79980709e-02 -3.11224649e-03 9.97690404e-01 6.78541133e-02 -2.09932131e-02 -2.15320072e-02 -6.79055746e-02 9.97459184e-01 -4.63226941e-02
9.99741492e-01 1.69416193e-03 2.26605684e-02 -2.89828376e-02 -3.25774127e-03 9.97601493e-01 6.91422060e-02 -2.14213895e-02 -2.24890778e-02 -6.91981787e-02 9.97349230e-01 -4.72179676e-02
9.99719017e-01 1.71577548e-03 2.36300775e-02 -2.99650819e-02 -3.37702144e-03 9.97510077e-01 7.04428546e-02 -2.18536513e-02 -2.34503763e-02 -7.05028838e-02 9.97235697e-01 -4.81048672e-02
9.99694549e-01 1.73975123e-03 2.46428006e-02 -3.09660009e-02 -3.50404885e-03 9.97417629e-01 7.17337594e-02 -2.22854832e-02 -2.44543654e-02 -7.17982175e-02 9.97119174e-01 -4.89954352e-02
9.99668666e-01 1.74853305e-03 2.56710795e-02 -3.19797046e-02 -3.61972314e-03 9.97323382e-01 7.30265956e-02 -2.27190660e-02 -2.54746797e-02 -7.30953400e-02 9.96999377e-01 -4.98805725e-02
9.99641702e-01 1.74979335e-03 2.67006584e-02 -3.29932247e-02 -3.73009164e-03 9.97229065e-01 7.42982089e-02 -2.31477622e-02 -2.64966666e-02 -7.43712012e-02 9.96878402e-01 -5.07650283e-02
9.99612494e-01 1.76232018e-03 2.77726224e-02 -3.40496668e-02 -3.85690578e-03 9.97134733e-01 7.55471000e-02 -2.35717707e-02 -2.75599097e-02 -7.56249554e-02 9.96755252e-01 -5.16578028e-02
9.99580320e-01 1.77745652e-03 2.89069723e-02 -3.51461016e-02 -3.99335004e-03 9.97040017e-01 7.67800703e-02 -2.39929162e-02 -2.86849362e-02 -7.68632949e-02 9.96628798e-01 -5.25659424e-02
9.99547026e-01 1.79414526e-03 3.00358322e-02 -3.62409066e-02 -4.13417774e-03 9.96942516e-01 7.80283265e-02 -2.44202926e-02 -2.98040062e-02 -7.81171641e-02 9.96498466e-01 -5.34813796e-02
9.99511030e-01 1.80983823e-03 3.12106260e-02 -3.73626560e-02 -4.27955690e-03 9.96845825e-01 7.92465709e-02 -2.48390417e-02 -3.09687597e-02 -7.93413944e-02 9.96366268e-01 -5.44015068e-02
9.99474349e-01 1.82143251e-03 3.23631267e-02 -3.84850183e-02 -4.42104507e-03 9.96749810e-01 8.04375020e-02 -2.52502826e-02 -3.21114303e-02 -8.05383050e-02 9.96234047e-01 -5.53281063e-02
9.99435172e-01 1.81890266e-03 3.35516346e-02 -3.96317661e-02 -4.55445260e-03 9.96651634e-01 8.16373956e-02 -2.56664202e-02 -3.32908036e-02 -8.17440984e-02 9.96097111e-01 -5.62457072e-02
9.99393856e-01 1.80405837e-03 3.47609037e-02 -4.08023590e-02 -4.67931574e-03 9.96554115e-01 8.28125203e-02 -2.60756968e-02 -3.44917249e-02 -8.29249883e-02 9.95958631e-01 -5.71511045e-02
9.99347509e-01 1.80633052e-03 3.60681186e-02 -4.20351086e-02 -4.83069765e-03 9.96458937e-01 8.39415017e-02 -2.64738174e-02 -3.57887747e-02 -8.40609750e-02 9.95817614e-01 -5.80683407e-02
9.99297513e-01 1.81482163e-03 3.74265433e-02 -4.32889061e-02 -4.99523641e-03 9.96363277e-01 8.50601278e-02 -2.68707764e-02 -3.71360649e-02 -8.51873435e-02 9.95672545e-01 -5.89984457e-02
9.99242098e-01 1.80492521e-03 3.88788990e-02 -4.46125351e-02 -5.15281573e-03 9.96265931e-01 8.61836602e-02 -2.72696748e-02 -3.85781672e-02 -8.63186890e-02 9.95520295e-01 -5.99418863e-02
9.99183153e-01 1.82455423e-03 4.03651939e-02 -4.59697038e-02 -5.34473074e-03 9.96170056e-01 8.72731924e-02 -2.76609057e-02 -4.00513636e-02 -8.74176515e-02 9.95366228e-01 -6.09054816e-02
9.99121232e-01 1.83089663e-03 4.18696242e-02 -4.73469560e-02 -5.52890976e-03 9.96071626e-01 8.83778493e-02 -2.80585692e-02 -4.15433372e-02 -8.85316857e-02 9.95206574e-01 -6.18601034e-02
9.99055123e-01 1.81202218e-03 4.34190699e-02 -4.87715877e-02 -5.69512485e-03 9.95972507e-01 8.94772631e-02 -2.84586338e-02 -4.30820706e-02 -8.96400031e-02 9.95041898e-01 -6.28160200e-02
9.98987015e-01 1.77741123e-03 4.49603436e-02 -5.01821130e-02 -5.84887490e-03 9.95871207e-01 9.05882273e-02 -2.88627830e-02 -4.46137028e-02 -9.07594376e-02 9.94872943e-01 -6.37876366e-02
9.98913524e-01 1.73935042e-03 4.65664871e-02 -5.16560967e-02 -6.00898921e-03 9.95767868e-01 9.17069786e-02 -2.92687873e-02 -4.62099036e-02 -9.18871623e-02 9.94696585e-01 -6.47676564e-02
9.98833829e-01 1.72741092e-03 4.82465108e-02 -5.31905867e-02 -6.20463783e-03 9.95664983e-01 9.28042193e-02 -2.96686165e-02 -4.78770552e-02 -9.29953461e-02 9.94514730e-01 -6.57453039e-02
9.98752916e-01 1.75378570e-03 4.98927812e-02 -5.47074749e-02 -6.43812294e-03 9.95562340e-01 9.38831442e-02 -3.00626240e-02 -4.95067286e-02 -9.40872775e-02 9.94332233e-01 -6.67358873e-02
9.98665981e-01 1.74323578e-03 5.16044500e-02 -5.62844338e-02 -6.64439399e-03 9.95459123e-01 9.49571275e-02 -3.04562903e-02 -5.12045934e-02 -9.51733262e-02 9.94142898e-01 -6.77188287e-02
9.98570559e-01 1.73781949e-03 5.34196395e-02 -5.79170957e-02 -6.86883456e-03 9.95355809e-01 9.60183835e-02 -3.08465400e-02 -5.30046902e-02 -9.62480508e-02 9.93945098e-01 -6.87082945e-02
9.98467465e-01 1.80496078e-03 5.53107951e-02 -5.96262908e-02 -7.17155161e-03 9.95260227e-01 9.69820715e-02 -3.12124631e-02 -5.48735908e-02 -9.72300971e-02 9.93748070e-01 -6.97351067e-02
9.98358843e-01 1.91861390e-03 5.72339278e-02 -6.13731590e-02 -7.52696922e-03 9.95164143e-01 9.79363318e-02 -3.15788593e-02 -5.67692558e-02 -9.82063917e-02 9.93545562e-01 -7.07506457e-02
9.98250466e-01 2.00886633e-03 5.90909361e-02 -6.31045464e-02 -7.85350757e-03 9.95071824e-01 9.88442902e-02 -3.19275148e-02 -5.86011676e-02 -9.91354205e-02 9.93346907e-01 -7.17635346e-02
9.98138388e-01 2.10735050e-03 6.09512183e-02 -6.48623973e-02 -8.18827397e-03 9.94984690e-01 9.96903669e-02 -3.22570243e-02 -6.04354559e-02 -1.00003859e-01 9.93149912e-01 -7.27977558e-02
9.98020038e-01 2.21584086e-03 6.28549627e-02 -6.66453073e-02 -8.54056518e-03 9.94896711e-01 1.00534983e-01 -3.25874708e-02 -6.23114382e-02 -1.00872742e-01 9.92946046e-01 -7.38403411e-02
9.97897930e-01 2.33648859e-03 6.47597483e-02 -6.84461764e-02 -8.90751489e-03 9.94809156e-01 1.01365911e-01 -3.29127674e-02 -6.41867636e-02 -1.01729685e-01 9.92739108e-01 -7.48676479e-02
9.97765605e-01 2.46534078e-03 6.67628536e-02 -7.03339122e-02 -9.29673973e-03 9.94719478e-01 1.02207209e-01 -3.32386786e-02 -6.61583514e-02 -1.02599516e-01 9.92520135e-01 -7.58749530e-02
9.97627573e-01 2.62943913e-03 6.87878283e-02 -7.22500718e-02 -9.72691328e-03 9.94628460e-01 1.03049079e-01 -3.35680768e-02 -6.81473897e-02 -1.03473703e-01 9.92294735e-01 -7.68464238e-02
9.97484394e-01 2.77679897e-03 7.08278344e-02 -7.41804257e-02 -1.01478084e-02 9.94533282e-01 1.03923304e-01 -3.39038965e-02 -7.01520827e-02 -1.04380629e-01 9.92060033e-01 -7.77981265e-02
9.97339505e-01 2.88098467e-03 7.28354614e-02 -7.61154746e-02 -1.05234927e-02 9.94441151e-01 1.04763889e-01 -3.42328392e-02 -7.21287785e-02 -1.05251655e-01 9.91826217e-01 -7.87601672e-02
9.97194989e-01 2.97909166e-03 7.47840329e-02 -7.80420081e-02 -1.08905026e-02 9.94348006e-01 1.05606787e-01 -3.45617380e-02 -7.40467672e-02 -1.06125000e-01 9.91591773e-01 -7.97111991e-02
9.97052476e-01 3.06851032e-03 7.66573563e-02 -7.99445362e-02 -1.12407231e-02 9.94259055e-01 1.06404631e-01 -3.48759864e-02 -7.58907905e-02 -1.06952685e-01 9.91363448e-01 -8.06523409e-02
9.96897189e-01 3.16616877e-03 7.86467480e-02 -8.19030639e-02 -1.16177340e-02 9.94165053e-01 1.07238930e-01 -3.52062763e-02 -7.78483387e-02 -1.07819891e-01 9.91117661e-01 -8.16018586e-02
9.96736485e-01 3.22728889e-03 8.06553936e-02 -8.38737126e-02 -1.19649770e-02 9.94069077e-01 1.08086777e-01 -3.55355950e-02 -7.98282377e-02 -1.08699080e-01 9.90864079e-01 -8.25454611e-02
9.96569790e-01 3.31350915e-03 8.26862155e-02 -8.58891825e-02 -1.23358126e-02 9.93981853e-01 1.08844389e-01 -3.58369464e-02 -8.18279760e-02 -1.09491034e-01 9.90613731e-01 -8.34778615e-02
9.96397133e-01 3.37386610e-03 8.47386139e-02 -8.79385688e-02 -1.26855025e-02 9.93895478e-01 1.09590284e-01 -3.61351425e-02 -8.38516190e-02 -1.10270406e-01 9.90357989e-01 -8.44114087e-02
9.96220771e-01 3.41404064e-03 8.67855531e-02 -9.00204653e-02 -1.30214102e-02 9.93803851e-01 1.10379133e-01 -3.64426708e-02 -8.58710125e-02 -1.11092069e-01 9.90093091e-01 -8.52981794e-02
9.96044351e-01 3.39303421e-03 8.87883432e-02 -9.20973764e-02 -1.32980766e-02 9.93707997e-01 1.11205926e-01 -3.67605208e-02 -8.78523986e-02 -1.11946761e-01 9.89822957e-01 -8.61530211e-02
9.95869550e-01 3.35996335e-03 9.07293092e-02 -9.41781920e-02 -1.35607690e-02 9.93609537e-01 1.12050513e-01 -3.70855601e-02 -8.97730648e-02 -1.12818063e-01 9.89551649e-01 -8.70075665e-02
9.95686487e-01 3.33933353e-03 9.27172167e-02 -9.63104593e-02 -1.38390683e-02 9.93517012e-01 1.12834382e-01 -3.73938339e-02 -9.17393806e-02 -1.13630804e-01 9.89278282e-01 -8.78522845e-02
9.95502246e-01 3.33613369e-03 9.46747922e-02 -9.84549607e-02 -1.41323561e-02 9.93426175e-01 1.13595080e-01 -3.77006683e-02 -9.36734927e-02 -1.14422155e-01 9.89005746e-01 -8.86852277e-02
9.95315233e-01 3.30910599e-03 9.66219474e-02 -1.00623057e-01 -1.44016955e-02 9.93337540e-01 1.14333947e-01 -3.80063114e-02 -9.55999097e-02 -1.15189860e-01 9.88732254e-01 -8.95230316e-02
9.95118075e-01 3.27679312e-03 9.86327656e-02 -1.02838560e-01 -1.46737599e-02 9.93251193e-01 1.15047435e-01 -3.83011063e-02 -9.75901684e-02 -1.15933118e-01 9.88450912e-01 -9.03501093e-02
9.94917003e-01 3.24046803e-03 1.00641865e-01 -1.05048340e-01 -1.49430560e-02 9.93166117e-01 1.15744856e-01 -3.85871482e-02 -9.95790727e-02 -1.16660447e-01 9.88166894e-01 -9.11643985e-02
9.94692079e-01 3.16215967e-03 1.02843555e-01 -1.07426486e-01 -1.51975845e-02 9.93079258e-01 1.16454970e-01 -3.88725238e-02 -1.01763599e-01 -1.17399835e-01 9.87856743e-01 -9.19392287e-02
9.94451148e-01 3.07626736e-03 1.05150255e-01 -1.09906692e-01 -1.54617260e-02 9.92990208e-01 1.17177360e-01 -3.91662166e-02 -1.04052753e-01 -1.18152991e-01 9.87528431e-01 -9.27266674e-02
9.94206238e-01 3.00459716e-03 1.07443513e-01 -1.12374110e-01 -1.57427015e-02 9.92899546e-01 1.17905957e-01 -3.94568312e-02 -1.06326405e-01 -1.18914310e-01 9.87194838e-01 -9.34608097e-02
9.93953449e-01 2.96724952e-03 1.09758226e-01 -1.14861195e-01 -1.60632380e-02 9.92808624e-01 1.18626205e-01 -3.97491702e-02 -1.08616968e-01 -1.19672024e-01 9.86853836e-01 -9.41825664e-02
9.93681001e-01 2.94976768e-03 1.12198206e-01 -1.17455409e-01 -1.64178743e-02 9.92721426e-01 1.19305237e-01 -4.00320117e-02 -1.11029696e-01 -1.20393437e-01 9.86497469e-01 -9.49386900e-02
9.93398407e-01 2.95413578e-03 1.14673211e-01 -1.20067908e-01 -1.67994492e-02 9.92636157e-01 1.19959711e-01 -4.03123931e-02 -1.13474457e-01 -1.21094266e-01 9.86133432e-01 -9.56814747e-02
9.93118068e-01 2.96709404e-03 1.17075862e-01 -1.22630447e-01 -1.71858620e-02 9.92548551e-01 1.20627818e-01 -4.05917425e-02 -1.15845628e-01 -1.21809749e-01 9.85769528e-01 -9.63970614e-02
9.92810918e-01 3.02694505e-03 1.19650811e-01 -1.25287608e-01 -1.76450258e-02 9.92458110e-01 1.21303468e-01 -4.08838530e-02 -1.18381310e-01 -1.22542688e-01 9.85377315e-01 -9.71513244e-02
9.92492703e-01 3.11452661e-03 1.22260038e-01 -1.27982664e-01 -1.81396442e-02 9.92366801e-01 1.21975355e-01 -4.11719476e-02 -1.20946986e-01 -1.23277441e-01 9.84973992e-01 -9.78865143e-02
9.92172274e-01 3.09877615e-03 1.24833946e-01 -1.30698215e-01 -1.85327913e-02 9.92274415e-01 1.22666042e-01 -4.14609205e-02 -1.23489492e-01 -1.24019411e-01 9.84565285e-01 -9.86326339e-02
9.91829562e-01 3.07843564e-03 1.27528821e-01 -1.33472448e-01 -1.89438152e-02 9.92177958e-01 1.23381371e-01 -4.17596242e-02 -1.26151541e-01 -1.24789214e-01 9.84130445e-01 -9.94111999e-02
9.91471021e-01 3.12161841e-03 1.30285986e-01 -1.36337258e-01 -1.94267091e-02 9.92083203e-01 1.24066418e-01 -4.20481595e-02 -1.28867325e-01 -1.25539324e-01 9.83683107e-01 -1.00180363e-01
9.91097526e-01 3.10824923e-03 1.33097526e-01 -1.39284164e-01 -1.98738209e-02 9.91979507e-01 1.24822591e-01 -4.23624077e-02 -1.31642109e-01 -1.26356561e-01 9.83210934e-01 -1.00956406e-01
9.90693695e-01 3.17618410e-03 1.36068975e-01 -1.42359832e-01 -2.04278129e-02 9.91872844e-01 1.25578510e-01 -4.26770437e-02 -1.34564328e-01 -1.27189477e-01 9.82707813e-01 -1.01677499e-01
9.90272310e-01 3.14750585e-03 1.39103338e-01 -1.45564588e-01 -2.08896436e-02 9.91775213e-01 1.26271750e-01 -4.29710170e-02 -1.37561869e-01 -1.27949280e-01 9.82194045e-01 -1.02413835e-01
9.89839203e-01 3.15139980e-03 1.42152212e-01 -1.48751247e-01 -2.13901672e-02 9.91676661e-01 1.26960119e-01 -4.32689925e-02 -1.40568997e-01 -1.28710813e-01 9.81668620e-01 -1.03137205e-01
9.89387048e-01 3.09514246e-03 1.45267059e-01 -1.52011179e-01 -2.18447660e-02 9.91577725e-01 1.27653578e-01 -4.35723489e-02 -1.43648543e-01 -1.29472172e-01 9.81122550e-01 -1.03874070e-01
9.88906752e-01 3.11660848e-03 1.48501140e-01 -1.55372464e-01 -2.23969124e-02 9.91476984e-01 1.28338532e-01 -4.38743700e-02 -1.46835551e-01 -1.30240852e-01 9.80548883e-01 -1.04555356e-01
9.88385982e-01 3.18231329e-03 1.51927290e-01 -1.58796838e-01 -2.30359198e-02 9.91363680e-01 1.29098314e-01 -4.42128937e-02 -1.50204439e-01 -1.31098787e-01 9.79924105e-01 -1.05252075e-01
9.87890512e-01 3.16343612e-03 1.55116625e-01 -1.62102641e-01 -2.35534306e-02 9.91261330e-01 1.29788961e-01 -4.45215368e-02 -1.53350608e-01 -1.31870855e-01 9.79333015e-01 -1.05982343e-01
9.87401231e-01 3.24094668e-03 1.58199724e-01 -1.65327833e-01 -2.41481137e-02 9.91164858e-01 1.30414713e-01 -4.48000248e-02 -1.56379422e-01 -1.32591911e-01 9.78756542e-01 -1.06644794e-01
9.86915570e-01 3.21986268e-03 1.61201960e-01 -1.68561370e-01 -2.46401678e-02 9.91067978e-01 1.31057145e-01 -4.50687113e-02 -1.59340206e-01 -1.33314426e-01 9.78180642e-01 -1.07296096e-01
9.86406794e-01 3.40595784e-03 1.64282931e-01 -1.71858049e-01 -2.53504673e-02 9.90969205e-01 1.31667234e-01 -4.53236050e-02 -1.62350968e-01 -1.34042144e-01 9.77585959e-01 -1.07906728e-01
9.85877584e-01 3.50401342e-03 1.67427258e-01 -1.75182463e-01 -2.60035436e-02 9.90857010e-01 1.32381907e-01 -4.56011785e-02 -1.65432711e-01 -1.34866101e-01 9.76955745e-01 -1.08454760e-01
9.85330697e-01 3.59259891e-03 1.70614448e-01 -1.78534181e-01 -2.66527574e-02 9.90748535e-01 1.33062729e-01 -4.58676208e-02 -1.68558083e-01 -1.35658175e-01 9.76311658e-01 -1.08997025e-01
9.84775972e-01 3.71055498e-03 1.73785419e-01 -1.81904987e-01 -2.73387998e-02 9.90634973e-01 1.33767214e-01 -4.61381905e-02 -1.71661683e-01 -1.36481858e-01 9.75655871e-01 -1.09538206e-01
9.84203521e-01 3.84374359e-03 1.76995893e-01 -1.85315370e-01 -2.80500124e-02 9.90520724e-01 1.34464222e-01 -4.64054287e-02 -1.74801383e-01 -1.37304934e-01 9.74982669e-01 -1.10065069e-01
9.83606996e-01 4.02112814e-03 1.80277548e-01 -1.88770476e-01 -2.88253376e-02 9.90400785e-01 1.35181992e-01 -4.66819099e-02 -1.78003566e-01 -1.38162553e-01 9.74281909e-01 -1.10586250e-01
9.82989651e-01 4.12276344e-03 1.83611706e-01 -1.92263273e-01 -2.95303031e-02 9.90287422e-01 1.35858781e-01 -4.69449772e-02 -1.81268380e-01 -1.38969929e-01 9.73564835e-01 -1.11087856e-01
9.82378475e-01 4.21887577e-03 1.86851788e-01 -1.95701674e-01 -3.02008826e-02 9.90189370e-01 1.36424781e-01 -4.71735786e-02 -1.84443223e-01 -1.39663902e-01 9.72868986e-01 -1.11601409e-01
9.81739965e-01 4.30443148e-03 1.90176063e-01 -1.99213346e-01 -3.08644004e-02 9.90100461e-01 1.36920489e-01 -4.73757713e-02 -1.87704176e-01 -1.40290032e-01 9.72154934e-01 -1.12075271e-01
9.81097661e-01 4.37565508e-03 1.93460692e-01 -2.02695412e-01 -3.15165196e-02 9.90008172e-01 1.37438013e-01 -4.75890904e-02 -1.90926428e-01 -1.40937363e-01 9.71433533e-01 -1.12560907e-01
9.80470533e-01 4.40743045e-03 1.96613699e-01 -2.06087976e-01 -3.21097900e-02 9.89920118e-01 1.37933942e-01 -4.78056711e-02 -1.94024070e-01 -1.41553426e-01 9.70729975e-01 -1.13085301e-01
9.79807259e-01 4.48176922e-03 1.99891196e-01 -2.09568042e-01 -3.27792043e-02 9.89821778e-01 1.38481114e-01 -4.80367044e-02 -1.97236162e-01 -1.42237105e-01 9.69982461e-01 -1.13580355e-01
9.79127334e-01 4.50877310e-03 2.03194773e-01 -2.13067380e-01 -3.34200520e-02 9.89716509e-01 1.39078799e-01 -4.82833911e-02 -2.00478301e-01 -1.42966669e-01 9.69210189e-01 -1.14061647e-01
9.78424893e-01 4.51287008e-03 2.06550409e-01 -2.16595772e-01 -3.40460164e-02 9.89614234e-01 1.39653443e-01 -4.85262980e-02 -2.03775147e-01 -1.43672666e-01 9.68417887e-01 -1.14529190e-01
9.77735981e-01 4.50771630e-03 2.09787415e-01 -2.20041843e-01 -3.46305095e-02 9.89525566e-01 1.40137105e-01 -4.87458756e-02 -2.06958477e-01 -1.44282173e-01 9.67651909e-01 -1.15011696e-01
9.77022893e-01 4.45141807e-03 2.13084801e-01 -2.23533872e-01 -3.51838137e-02 9.89432817e-01 1.40653003e-01 -4.89747843e-02 -2.10207169e-01 -1.44918385e-01 9.66856191e-01 -1.15462706e-01
9.76283917e-01 4.38683814e-03 2.16446572e-01 -2.27104926e-01 -3.57507041e-02 9.89334231e-01 1.41202486e-01 -4.92031004e-02 -2.13518750e-01 -1.45591883e-01 9.66028997e-01 -1.15841217e-01
9.75510063e-01 4.37073307e-03 2.19908170e-01 -2.30771791e-01 -3.63881882e-02 9.89231768e-01 1.41756363e-01 -4.94340345e-02 -2.16920751e-01 -1.46286875e-01 9.65165671e-01 -1.16186581e-01
9.74732870e-01 4.38688600e-03 2.23327464e-01 -2.34393709e-01 -3.70518226e-02 9.89131054e-01 1.42286275e-01 -4.96591539e-02 -2.20276115e-01 -1.46965855e-01 9.64302203e-01 -1.16543756e-01
9.73942671e-01 4.41092717e-03 2.26748171e-01 -2.38020197e-01 -3.77253702e-02 9.89031456e-01 1.42800772e-01 -4.98799557e-02 -2.23631362e-01 -1.47633985e-01 9.63427480e-01 -1.16895064e-01
9.73131121e-01 4.41642669e-03 2.30206108e-01 -2.41663795e-01 -3.83887950e-02 9.88932940e-01 1.43305475e-01 -5.00956205e-02 -2.27025668e-01 -1.48292409e-01 9.62532124e-01 -1.17246640e-01
9.72316826e-01 4.35093665e-03 2.33622664e-01 -2.45321601e-01 -3.89702362e-02 9.88842068e-01 1.43774755e-01 -5.02977588e-02 -2.30390534e-01 -1.48899006e-01 9.61638506e-01 -1.17590526e-01
9.71495443e-01 4.34429630e-03 2.37015176e-01 -2.48988978e-01 -3.96158479e-02 9.88746069e-01 1.44257528e-01 -5.05058202e-02 -2.33721309e-01 -1.49535153e-01 9.60735591e-01 -1.17924643e-01
9.70652827e-01 4.32793516e-03 2.40442848e-01 -2.52677061e-01 -4.02679844e-02 9.88645718e-01 1.44763943e-01 -5.07194943e-02 -2.37086439e-01 -1.50197750e-01 9.59807246e-01 -1.18248648e-01
9.69790795e-01 4.28671008e-03 2.43897136e-01 -2.56392300e-01 -4.09039527e-02 9.88545541e-01 1.45268977e-01 -5.09314954e-02 -2.40480869e-01 -1.50856948e-01 9.58858930e-01 -1.18564949e-01
9.68947705e-01 4.14797380e-03 2.47227695e-01 -2.60050914e-01 -4.14301822e-02 9.88446740e-01 1.45791306e-01 -5.11491631e-02 -2.43766837e-01 -1.51506913e-01 9.57926271e-01 -1.18876813e-01
9.68100132e-01 3.96801574e-03 2.50528926e-01 -2.63740380e-01 -4.19051236e-02 9.88354966e-01 1.46276785e-01 -5.13516495e-02 -2.47031261e-01 -1.52109099e-01 9.56994073e-01 -1.19180148e-01
9.67271215e-01 3.77619131e-03 2.53713475e-01 -2.67370513e-01 -4.23682589e-02 9.88254928e-01 1.46818279e-01 -5.15676317e-02 -2.50179363e-01 -1.52762568e-01 9.56071755e-01 -1.19479617e-01
9.66409250e-01 3.63315180e-03 2.56979387e-01 -2.71054735e-01 -4.29108183e-02 9.88144603e-01 1.47402299e-01 -5.17917175e-02 -2.53397435e-01 -1.53478209e-01 9.55109207e-01 -1.19747816e-01
9.65508339e-01 3.55615408e-03 2.60344918e-01 -2.74812407e-01 -4.35412213e-02 9.88030692e-01 1.47980018e-01 -5.20152125e-02 -2.56702696e-01 -1.54211739e-01 9.54107945e-01 -1.19982753e-01
9.64590906e-01 3.47206303e-03 2.63724896e-01 -2.78590921e-01 -4.41803135e-02 9.87911345e-01 1.48586130e-01 -5.22410698e-02 -2.60021086e-01 -1.54976336e-01 9.53084943e-01 -1.20172425e-01
9.63662554e-01 3.37975441e-03 2.67098466e-01 -2.82399489e-01 -4.48032749e-02 9.87798846e-01 1.49146279e-01 -5.24479802e-02 -2.63335666e-01 -1.55693621e-01 9.52057440e-01 -1.20318419e-01
9.62726407e-01 3.23793122e-03 2.70455069e-01 -2.86225317e-01 -4.53841305e-02 9.87684463e-01 1.49727162e-01 -5.26552145e-02 -2.66639645e-01 -1.56420707e-01 9.51018125e-01 -1.20440398e-01
9.61774694e-01 3.16297402e-03 2.73820961e-01 -2.90090941e-01 -4.60358143e-02 9.87568833e-01 1.50289621e-01 -5.28566123e-02 -2.69941885e-01 -1.57150382e-01 9.49965597e-01 -1.20540294e-01
9.60839266e-01 3.15633899e-03 2.77085609e-01 -2.93931510e-01 -4.67558549e-02 9.87444135e-01 1.50885414e-01 -5.30582388e-02 -2.73130516e-01 -1.57932056e-01 9.48923991e-01 -1.20612431e-01
9.59923562e-01 3.11510195e-03 2.80241793e-01 -2.97716206e-01 -4.74230834e-02 9.87323512e-01 1.51465449e-01 -5.32486878e-02 -2.76217675e-01 -1.58685244e-01 9.47904175e-01 -1.20693359e-01
9.58994226e-01 3.00740810e-03 2.83406801e-01 -3.01524242e-01 -4.80485758e-02 9.87193954e-01 1.52111530e-01 -5.34517181e-02 -2.79320203e-01 -1.59491437e-01 9.46859162e-01 -1.20730561e-01
9.58022844e-01 2.91013607e-03 2.86674190e-01 -3.05375265e-01 -4.86942385e-02 9.87070066e-01 1.52708955e-01 -5.36404690e-02 -2.82523296e-01 -1.60258121e-01 9.45778752e-01 -1.20719815e-01
9.57037098e-01 2.83885673e-03 2.89948692e-01 -3.09275085e-01 -4.93727315e-02 9.86944382e-01 1.53302207e-01 -5.38293708e-02 -2.85728223e-01 -1.61031530e-01 9.44683946e-01 -1.20681465e-01
9.56052989e-01 2.79743948e-03 2.93177544e-01 -3.13213236e-01 -5.00900828e-02 9.86810761e-01 1.53928099e-01 -5.40188962e-02 -2.88880363e-01 -1.61848788e-01 9.43584936e-01 -1.20651825e-01
9.55079685e-01 2.78942903e-03 2.96332974e-01 -3.17146978e-01 -5.08571264e-02 9.86662604e-01 1.54624744e-01 -5.42250841e-02 -2.91949581e-01 -1.62749685e-01 9.42484657e-01 -1.20597424e-01
9.54072253e-01 2.79515566e-03 2.99560699e-01 -3.21138788e-01 -5.16462061e-02 9.86518210e-01 1.55283272e-01 -5.44206184e-02 -2.95088278e-01 -1.63622722e-01 9.41355351e-01 -1.20498062e-01
9.53023182e-01 2.82092827e-03 3.02881533e-01 -3.25179378e-01 -5.24659695e-02 9.86377889e-01 1.55898592e-01 -5.46009005e-02 -2.98316124e-01 -1.64466026e-01 9.40190300e-01 -1.20325866e-01
9.51963333e-01 2.81990123e-03 3.06196386e-01 -3.29240497e-01 -5.32497436e-02 9.86245353e-01 1.56470518e-01 -5.47677107e-02 -3.01543790e-01 -1.65259165e-01 9.39020817e-01 -1.20147854e-01
9.50916629e-01 2.68300776e-03 3.09432920e-01 -3.33269754e-01 -5.38819149e-02 9.86121475e-01 1.57033897e-01 -5.49325393e-02 -3.04717379e-01 -1.65999072e-01 9.37865128e-01 -1.19987367e-01
9.49757175e-01 2.61434445e-03 3.12974064e-01 -3.37457166e-01 -5.46680167e-02 9.85978185e-01 1.57660595e-01 -5.51127821e-02 -3.08173677e-01 -1.66849050e-01 9.36584068e-01 -1.19737838e-01
9.48541630e-01 2.53839983e-03 3.16639529e-01 -3.41746369e-01 -5.54614236e-02 9.85841008e-01 1.58239979e-01 -5.52822379e-02 -3.11754833e-01 -1.67658584e-01 9.35253343e-01 -1.19452617e-01
9.47276950e-01 2.52563154e-03 3.20403330e-01 -3.46095537e-01 -5.63516317e-02 9.85694936e-01 1.58834556e-01 -5.54630232e-02 -3.15419055e-01 -1.68515665e-01 9.33869693e-01 -1.19176927e-01
9.46000041e-01 2.40777327e-03 3.24154979e-01 -3.50467403e-01 -5.71111064e-02 9.85568026e-01 1.59350038e-01 -5.56053217e-02 -3.19093372e-01 -1.69258086e-01 9.32486194e-01 -1.18924007e-01
9.44665068e-01 2.34940921e-03 3.28025328e-01 -3.54898506e-01 -5.79874155e-02 9.85421669e-01 1.59937511e-01 -5.57823605e-02 -3.22867774e-01 -1.70108825e-01 9.31031001e-01 -1.18613680e-01
9.43309263e-01 2.36597612e-03 3.31903946e-01 -3.59350626e-01 -5.89503091e-02 9.85269806e-01 1.60520162e-01 -5.59547219e-02 -3.26635416e-01 -1.70986112e-01 9.29554924e-01 -1.18323255e-01
9.41897415e-01 2.57414802e-03 3.35888112e-01 -3.63838920e-01 -6.01487984e-02 9.85099441e-01 1.61119823e-01 -5.61306781e-02 -3.30468728e-01 -1.71961723e-01 9.28018798e-01 -1.18042622e-01
9.40438675e-01 2.86633685e-03 3.39948650e-01 -3.68371686e-01 -6.14244272e-02 9.84938654e-01 1.61620785e-01 -5.62744102e-02 -3.34365596e-01 -1.72875700e-01 9.26451803e-01 -1.17757175e-01
9.38995457e-01 3.14472164e-03 3.43912567e-01 -3.72906240e-01 -6.26765976e-02 9.84777188e-01 1.62123227e-01 -5.64034588e-02 -3.38167715e-01 -1.73788358e-01 9.24899721e-01 -1.17429777e-01
9.37527536e-01 3.45620895e-03 3.47891375e-01 -3.77457325e-01 -6.39705045e-02 9.84613477e-01 1.62611407e-01 -5.65170154e-02 -3.41976817e-01 -1.74707568e-01 9.23324675e-01 -1.17038412e-01
9.36070787e-01 3.74716203e-03 3.51789226e-01 -3.81945146e-01 -6.52549086e-02 9.84440101e-01 1.63149930e-01 -5.66506401e-02 -3.45704362e-01 -1.75675967e-01 9.21751493e-01 -1.16596088e-01
9.34582077e-01 4.01954081e-03 3.55722381e-01 -3.86479803e-01 -6.65114926e-02 9.84277602e-01 1.63622359e-01 -5.67480882e-02 -3.49472176e-01 -1.76578264e-01 9.20156882e-01 -1.16116723e-01
9.33073204e-01 4.24742859e-03 3.59658940e-01 -3.91027299e-01 -6.77361037e-02 9.84113228e-01 1.64107766e-01 -5.68454165e-02 -3.53248384e-01 -1.77486566e-01 9.18538769e-01 -1.15610476e-01
9.31494470e-01 4.47596435e-03 3.63725470e-01 -3.95608910e-01 -6.89968332e-02 9.83944866e-01 1.64591426e-01 -5.69380192e-02 -3.57149421e-01 -1.78412029e-01 9.16849360e-01 -1.15063101e-01
9.29876625e-01 4.67472984e-03 3.67839394e-01 -4.00221123e-01 -7.02393732e-02 9.83778639e-01 1.65058666e-01 -5.70207015e-02 -3.61101267e-01 -1.79321117e-01 9.15122473e-01 -1.14478999e-01
9.28180390e-01 4.92755782e-03 3.72095611e-01 -4.04917871e-01 -7.15645415e-02 9.83610701e-01 1.65489810e-01 -5.70884164e-02 -3.65182101e-01 -1.80233358e-01 9.13322142e-01 -1.13852425e-01
9.26348532e-01 5.37329662e-03 3.76626876e-01 -4.09746867e-01 -7.31944477e-02 9.83405022e-01 1.65998414e-01 -5.71810467e-02 -3.69485165e-01 -1.81339492e-01 9.11370415e-01 -1.13109803e-01
9.24578715e-01 5.58215188e-03 3.80947785e-01 -4.14476682e-01 -7.44998289e-02 9.83237897e-01 1.66407055e-01 -5.72260810e-02 -3.73633754e-01 -1.82237087e-01 9.09498067e-01 -1.12359234e-01
9.22813002e-01 5.73965628e-03 3.85203093e-01 -4.19126615e-01 -7.57558171e-02 9.83069095e-01 1.66836664e-01 -5.72859830e-02 -3.77724052e-01 -1.83140532e-01 9.07625129e-01 -1.11588722e-01
9.20916705e-01 5.97785265e-03 3.89711245e-01 -4.23921605e-01 -7.71759521e-02 9.82880541e-01 1.67296005e-01 -5.73469877e-02 -3.82039917e-01 -1.84142142e-01 9.05613845e-01 -1.10712845e-01
9.19033101e-01 6.09486093e-03 3.94130917e-01 -4.28671191e-01 -7.84445339e-02 9.82707854e-01 1.67720120e-01 -5.73768310e-02 -3.86293690e-01 -1.85057883e-01 9.03620528e-01 -1.09811207e-01
9.17104386e-01 6.21623690e-03 3.98596383e-01 -4.33449305e-01 -7.97245961e-02 9.82538168e-01 1.68110188e-01 -5.74009431e-02 -3.90591538e-01 -1.85952653e-01 9.01587009e-01 -1.08894816e-01
9.15150560e-01 6.30354394e-03 4.03060647e-01 -4.38242474e-01 -8.09309358e-02 9.82391567e-01 1.68390223e-01 -5.73893062e-02 -3.94902318e-01 -1.86722606e-01 8.99547733e-01 -1.07968993e-01
9.13141728e-01 6.36719770e-03 4.07590282e-01 -4.43069293e-01 -8.21582380e-02 9.82233334e-01 1.68718636e-01 -5.73844174e-02 -3.99274880e-01 -1.87551041e-01 8.97442786e-01 -1.06968916e-01
9.11183579e-01 6.39766189e-03 4.11948707e-01 -4.47838943e-01 -8.33016107e-02 9.82088362e-01 1.69001684e-01 -5.73604809e-02 -4.03489205e-01 -1.88307669e-01 8.95397144e-01 -1.05967017e-01
9.09129182e-01 6.41417880e-03 4.16462691e-01 -4.52644964e-01 -8.45000264e-02 9.81927926e-01 1.69338615e-01 -5.73419558e-02 -4.07850571e-01 -1.89141902e-01 8.93242762e-01 -1.04851093e-01
9.07011388e-01 6.45221609e-03 4.21054472e-01 -4.57570670e-01 -8.57175710e-02 9.81776687e-01 1.69603266e-01 -5.72856976e-02 -4.12287557e-01 -1.89923980e-01 8.91037149e-01 -1.03612275e-01
9.04897229e-01 6.45316702e-03 4.25579069e-01 -4.62490066e-01 -8.68908039e-02 9.81627598e-01 1.69868960e-01 -5.72250803e-02 -4.16664394e-01 -1.90692976e-01 8.88834249e-01 -1.02393480e-01
9.02697911e-01 6.50041430e-03 4.30223679e-01 -4.67500170e-01 -8.80705317e-02 9.81506692e-01 1.69960243e-01 -5.71155379e-02 -4.21163020e-01 -1.91312907e-01 8.86577949e-01 -1.01115676e-01
9.00302449e-01 6.52625015e-03 4.35213917e-01 -4.72648254e-01 -8.92939225e-02 9.81389091e-01 1.70000941e-01 -5.69882384e-02 -4.26005164e-01 -1.91914337e-01 8.84131136e-01 -9.97006093e-02
8.97815997e-01 6.73339158e-03 4.40317337e-01 -4.77853912e-01 -9.07448570e-02 9.81251808e-01 1.70025251e-01 -5.68312823e-02 -4.30917762e-01 -1.92608038e-01 8.81595975e-01 -9.81982374e-02
8.95287883e-01 6.95197408e-03 4.45431970e-01 -4.83019234e-01 -9.22664251e-02 9.81090556e-01 1.70137163e-01 -5.66902454e-02 -4.35826717e-01 -1.93420261e-01 8.79001265e-01 -9.66432496e-02
8.92638039e-01 7.26395210e-03 4.50713784e-01 -4.88289753e-01 -9.39350803e-02 9.80916227e-01 1.70229397e-01 -5.65340043e-02 -4.40876320e-01 -1.94291184e-01 8.76286804e-01 -9.49901224e-02
8.89830918e-01 7.64819783e-03 4.56224452e-01 -4.93688916e-01 -9.56856692e-02 9.80754516e-01 1.70186204e-01 -5.63400972e-02 -4.46142953e-01 -1.95091207e-01 8.73438865e-01 -9.33213198e-02
8.87070716e-01 8.04086880e-03 4.61561595e-01 -4.99036686e-01 -9.73335354e-02 9.80627909e-01 1.69980945e-01 -5.60836372e-02 -4.51253786e-01 -1.95710669e-01 8.70670341e-01 -9.17244721e-02
8.84327484e-01 8.42204525e-03 4.66789241e-01 -5.04352242e-01 -9.89257842e-02 9.80513235e-01 1.69723089e-01 -5.58024276e-02 -4.56264015e-01 -1.96268412e-01 8.67929354e-01 -9.00821154e-02
8.81425159e-01 8.92119443e-03 4.72237587e-01 -5.09820282e-01 -1.00707674e-01 9.80379256e-01 1.69448963e-01 -5.55240446e-02 -4.61460658e-01 -1.96914659e-01 8.65030738e-01 -8.83922518e-02
8.78441066e-01 9.35964765e-03 4.77757218e-01 -5.15337278e-01 -1.02449706e-01 9.80247239e-01 1.69168150e-01 -5.52018358e-02 -4.66737265e-01 -1.97550461e-01 8.62049689e-01 -8.66302400e-02
8.75465811e-01 9.76517862e-03 4.83179538e-01 -5.20851607e-01 -1.04104287e-01 9.80133556e-01 1.68816371e-01 -5.48669857e-02 -4.71932374e-01 -1.98094156e-01 8.59091404e-01 -8.49588641e-02
8.72522519e-01 1.02234819e-02 4.88465066e-01 -5.26343649e-01 -1.05778072e-01 9.80020003e-01 1.68434946e-01 -5.45012152e-02 -4.76983945e-01 -1.98632322e-01 8.56172302e-01 -8.32372493e-02
8.69509392e-01 1.07056409e-02 4.93798457e-01 -5.31912901e-01 -1.07427210e-01 9.79929081e-01 1.67919227e-01 -5.40495969e-02 -4.82090203e-01 -1.99054891e-01 8.53209010e-01 -8.14515209e-02
8.66480030e-01 1.11531512e-02 4.99085243e-01 -5.37513598e-01 -1.09018397e-01 9.79846612e-01 1.67374093e-01 -5.36011880e-02 -4.87160669e-01 -1.99435938e-01 8.50234795e-01 -7.96589462e-02
8.63335165e-01 1.17263768e-02 5.04492857e-01 -5.43135790e-01 -1.10704774e-01 9.79776791e-01 1.66674593e-01 -5.30953088e-02 -4.92336346e-01 -1.99745960e-01 8.47175255e-01 -7.78309503e-02
8.60228828e-01 1.21560862e-02 5.09761418e-01 -5.48750438e-01 -1.12316633e-01 9.79678376e-01 1.66173812e-01 -5.26477892e-02 -4.97382681e-01 -2.00202352e-01 8.44114249e-01 -7.58966396e-02
8.57124115e-01 1.25143959e-02 5.14956118e-01 -5.54383154e-01 -1.13912957e-01 9.79557628e-01 1.65798632e-01 -5.22433297e-02 -5.02354788e-01 -2.00770332e-01 8.41029360e-01 -7.39347953e-02
8.53899199e-01 1.27486702e-02 5.20280491e-01 -5.60069703e-01 -1.15353085e-01 9.79469853e-01 1.65320473e-01 -5.18061812e-02 -5.07491942e-01 -2.01183121e-01 8.37840508e-01 -7.19153641e-02
8.50629328e-01 1.29017128e-02 5.25605794e-01 -5.65819544e-01 -1.16730621e-01 9.79381885e-01 1.64874206e-01 -5.13707283e-02 -5.12642125e-01 -2.01601269e-01 8.34598368e-01 -6.98388641e-02
8.47353553e-01 1.30424407e-02 5.30867250e-01 -5.71480216e-01 -1.18120524e-01 9.79281306e-01 1.64481198e-01 -5.09518745e-02 -5.17723636e-01 -2.02080181e-01 8.31339479e-01 -6.77194334e-02
8.43992159e-01 1.31851282e-02 5.36191735e-01 -5.77229164e-01 -1.19495016e-01 9.79193182e-01 1.64012462e-01 -5.05011907e-02 -5.22873252e-01 -2.02497609e-01 8.28008328e-01 -6.55236309e-02
8.40579943e-01 1.33056695e-02 5.41522468e-01 -5.83002654e-01 -1.20851207e-01 9.79106739e-01 1.63534286e-01 -5.00520877e-02 -5.28032842e-01 -2.02907411e-01 8.24626884e-01 -6.33067453e-02
8.37055182e-01 1.34687412e-02 5.46951142e-01 -5.88883945e-01 -1.22322785e-01 9.78997254e-01 1.63095215e-01 -4.96025164e-02 -5.33267467e-01 -2.03424403e-01 8.21123597e-01 -6.09930656e-02
8.33612725e-01 1.36724858e-02 5.52178637e-01 -5.94631125e-01 -1.23800342e-01 9.78883801e-01 1.62660798e-01 -4.91481082e-02 -5.38295241e-01 -2.03956135e-01 8.17703971e-01 -5.87044768e-02
8.30124006e-01 1.38792839e-02 5.57404541e-01 -6.00362843e-01 -1.25272064e-01 9.78774320e-01 1.62192280e-01 -4.86894623e-02 -5.43322632e-01 -2.04467055e-01 8.14244042e-01 -5.63791792e-02
8.26688460e-01 1.39613790e-02 5.62485211e-01 -6.06016589e-01 -1.26576381e-01 9.78681607e-01 1.61738547e-01 -4.82573930e-02 -5.48236332e-01 -2.04904864e-01 8.10833250e-01 -5.41078179e-02
8.23116413e-01 1.41560061e-02 5.67694761e-01 -6.11706167e-01 -1.28052159e-01 9.78567784e-01 1.61264960e-01 -4.77968224e-02 -5.53245436e-01 -2.05434507e-01 8.07289171e-01 -5.17185900e-02
8.19565790e-01 1.44283280e-02 5.72802032e-01 -6.17388691e-01 -1.29596915e-01 9.78444011e-01 1.60781439e-01 -4.73225536e-02 -5.58135409e-01 -2.06004470e-01 8.03770323e-01 -4.93408041e-02
8.15963541e-01 1.47863748e-02 5.77912842e-01 -6.23158187e-01 -1.31230298e-01 9.78312624e-01 1.60255131e-01 -4.68186748e-02 -5.63010324e-01 -2.06602148e-01 8.00209114e-01 -4.69439416e-02
8.12178329e-01 1.51259608e-02 5.83211778e-01 -6.29016890e-01 -1.32957179e-01 9.78156050e-01 1.59786627e-01 -4.63166868e-02 -5.68055722e-01 -2.07317549e-01 7.96449521e-01 -4.44423319e-02
8.08352982e-01 1.54111124e-02 5.88495016e-01 -6.34881186e-01 -1.34567979e-01 9.78026566e-01 1.59229900e-01 -4.57878795e-02 -5.73110368e-01 -2.07906671e-01 7.92665788e-01 -4.19223537e-02
8.04573553e-01 1.57562583e-02 5.93642592e-01 -6.40635543e-01 -1.36208699e-01 9.77893488e-01 1.58651077e-01 -4.52259258e-02 -5.78019983e-01 -2.08505872e-01 7.88934670e-01 -3.93650595e-02
8.00668308e-01 1.62322344e-02 5.98886549e-01 -6.46417197e-01 -1.38019753e-01 9.77741420e-01 1.58021892e-01 -4.46184683e-02 -5.82991625e-01 -2.09181433e-01 7.85088255e-01 -3.66654144e-02
7.96590504e-01 1.66748660e-02 6.04287877e-01 -6.52328780e-01 -1.39804697e-01 9.77601208e-01 1.57318704e-01 -4.39561400e-02 -5.88129821e-01 -2.09801012e-01 7.81080335e-01 -3.38035442e-02
7.92365887e-01 1.72408903e-02 6.09801091e-01 -6.58317375e-01 -1.41771802e-01 9.77436363e-01 1.56581110e-01 -4.32593087e-02 -5.93342667e-01 -2.10522282e-01 7.76932751e-01 -3.08101348e-02
7.88192114e-01 1.75987047e-02 6.15176233e-01 -6.64282148e-01 -1.43469820e-01 9.77303584e-01 1.55861955e-01 -4.25598735e-02 -5.98471449e-01 -2.11108551e-01 7.72829065e-01 -2.77789445e-02
7.83799547e-01 1.78828209e-02 6.20754971e-01 -6.70376751e-01 -1.45281100e-01 9.77126896e-01 1.55290823e-01 -4.18775543e-02 -6.03779813e-01 -2.11901015e-01 7.68470892e-01 -2.45914462e-02
7.79195000e-01 1.82379492e-02 6.26514837e-01 -6.76586497e-01 -1.47162356e-01 9.76957089e-01 1.54586199e-01 -4.11308766e-02 -6.09259274e-01 -2.12652356e-01 7.63925236e-01 -2.12842246e-02
7.74448694e-01 1.86060112e-02 6.32361727e-01 -6.82847818e-01 -1.49169652e-01 9.76753396e-01 1.53948011e-01 -4.03661703e-02 -6.14797612e-01 -2.13554174e-01 7.59222087e-01 -1.77786045e-02
7.69674416e-01 1.89400732e-02 6.38154223e-01 -6.89024044e-01 -1.51236161e-01 9.76518204e-01 1.53422715e-01 -3.96045431e-02 -6.20263906e-01 -2.14597701e-01 7.54466775e-01 -1.41408200e-02
7.64720521e-01 1.94402342e-02 6.44067371e-01 -6.95314547e-01 -1.53500395e-01 9.76264293e-01 1.52788648e-01 -3.87789009e-02 -6.25810234e-01 -2.15705393e-01 7.49554726e-01 -1.03446144e-02
7.59726219e-01 1.98682318e-02 6.49938054e-01 -7.01601344e-01 -1.55649460e-01 9.76030657e-01 1.52105359e-01 -3.79254914e-02 -6.31337934e-01 -2.16721118e-01 7.44609895e-01 -6.48834426e-03
7.54582671e-01 2.03360422e-02 6.55888401e-01 -7.07947560e-01 -1.57952310e-01 9.75760029e-01 1.51466416e-01 -3.70722301e-02 -6.36910005e-01 -2.17893203e-01 7.39505055e-01 -2.55347179e-03
7.49444857e-01 2.08911451e-02 6.61735724e-01 -7.14315258e-01 -1.60208687e-01 9.75519125e-01 1.50646184e-01 -3.61448005e-02 -6.42389204e-01 -2.18916992e-01 7.34446082e-01 1.44647735e-03
7.44165755e-01 2.13805836e-02 6.67651386e-01 -7.20719656e-01 -1.62488185e-01 9.75260326e-01 1.49878511e-01 -3.52018119e-02 -6.47929970e-01 -2.20020103e-01 7.29230729e-01 5.58618209e-03
7.38865359e-01 2.18532693e-02 6.73497253e-01 -7.27087605e-01 -1.64713904e-01 9.75011757e-01 1.49064141e-01 -3.42275359e-02 -6.53410761e-01 -2.21072892e-01 7.24003220e-01 9.79151446e-03
7.33429941e-01 2.22599115e-02 6.79399151e-01 -7.33564405e-01 -1.66996983e-01 9.74733559e-01 1.48341635e-01 -3.32609502e-02 -6.58931667e-01 -2.22255998e-01 7.18617342e-01 1.41278999e-02
7.28020332e-01 2.27332327e-02 6.85177203e-01 -7.39894716e-01 -1.69159461e-01 9.74502855e-01 1.47404197e-01 -3.22114561e-02 -6.64356789e-01 -2.23217649e-01 7.13304633e-01 1.84883741e-02
7.22494407e-01 2.32559598e-02 6.90984244e-01 -7.46214891e-01 -1.71503426e-01 9.74224098e-01 1.46535636e-01 -3.11755363e-02 -6.69766318e-01 -2.24377524e-01 7.07861141e-01 2.28627696e-02
7.16927571e-01 2.37935730e-02 6.96740247e-01 -7.52535875e-01 -1.73778609e-01 9.73968190e-01 1.45552882e-01 -3.00728010e-02 -6.75140297e-01 -2.25429601e-01 7.02400649e-01 2.73775464e-02
7.11257726e-01 2.42613254e-02 7.02511227e-01 -7.58955979e-01 -1.76100054e-01 9.73683256e-01 1.44666339e-01 -2.89871988e-02 -6.80514349e-01 -2.26607506e-01 6.96813317e-01 3.19647795e-02
7.05656717e-01 2.46393381e-02 7.08124032e-01 -7.65355627e-01 -1.78199162e-01 9.73443366e-01 1.43707157e-01 -2.78814462e-02 -6.85778506e-01 -2.27595232e-01 6.91308723e-01 3.65065375e-02
6.99989882e-01 2.51189036e-02 7.13709574e-01 -7.71742262e-01 -1.80378848e-01 9.73195913e-01 1.42659993e-01 -2.67578404e-02 -6.90996520e-01 -2.28598867e-01 6.85759340e-01 4.10031411e-02
6.94315635e-01 2.55884340e-02 7.19214299e-01 -7.78078870e-01 -1.82626370e-01 9.72918516e-01 1.41689252e-01 -2.56413243e-02 -6.96112043e-01 -2.29724757e-01 6.80186803e-01 4.55646324e-02
6.88630687e-01 2.61625449e-02 7.24638869e-01 -7.84361717e-01 -1.84808957e-01 9.72677685e-01 1.40507862e-01 -2.44555169e-02 -7.01164729e-01 -2.30677976e-01 6.74651935e-01 5.01296131e-02
6.82960618e-01 2.67615281e-02 7.29963587e-01 -7.90632607e-01 -1.87080184e-01 9.72405164e-01 1.39384224e-01 -2.32686898e-02 -7.06090941e-01 -2.31755858e-01 6.69122097e-01 5.47107725e-02
6.77234238e-01 2.73774685e-02 7.35256778e-01 -7.96886136e-01 -1.89337092e-01 9.72137625e-01 1.38197923e-01 -2.20595696e-02 -7.10987964e-01 -2.32803936e-01 6.63549587e-01 5.93017035e-02
6.71498970e-01 2.80409286e-02 7.40473613e-01 -8.03116400e-01 -1.91613895e-01 9.71866454e-01 1.36961759e-01 -2.08521663e-02 -7.15801590e-01 -2.33854898e-01 6.57981489e-01 6.38515768e-02
6.65459729e-01 2.88464844e-02 7.45875045e-01 -8.09409353e-01 -1.94046996e-01 9.71581501e-01 1.35550611e-01 -1.95491526e-02 -7.20768923e-01 -2.34938465e-01 6.52147047e-01 6.85577824e-02
6.59358362e-01 2.98694588e-02 7.51234158e-01 -8.15571464e-01 -1.96707300e-01 9.71257108e-01 1.34032435e-01 -1.81810875e-02 -7.25638738e-01 -2.36148822e-01 6.46283136e-01 7.33082196e-02
6.53271072e-01 3.07088748e-02 7.56499980e-01 -8.21638756e-01 -1.99174332e-01 9.70953373e-01 1.32581644e-01 -1.68085742e-02 -7.30455495e-01 -2.37287307e-01 6.40413295e-01 7.82001577e-02
6.46846505e-01 3.16359794e-02 7.61962687e-01 -8.27761710e-01 -2.01789631e-01 9.70627422e-01 1.31004100e-01 -1.53606229e-02 -7.35438174e-01 -2.38495881e-01 6.34231905e-01 8.32995816e-02
6.39999430e-01 3.26589713e-02 7.67679929e-01 -8.34108750e-01 -2.04684934e-01 9.70240880e-01 1.29365418e-01 -1.38052295e-02 -7.40610278e-01 -2.39926479e-01 6.27639537e-01 8.87482380e-02
6.33158062e-01 3.34717867e-02 7.73297396e-01 -8.40277056e-01 -2.07283506e-01 9.69904844e-01 1.27737186e-01 -1.22646371e-02 -7.45750106e-01 -2.41169788e-01 6.21042353e-01 9.42364266e-02
6.26181429e-01 3.41767960e-02 7.78926911e-01 -8.46439000e-01 -2.09879842e-01 9.69549961e-01 1.26182327e-01 -1.07073025e-02 -7.50896851e-01 -2.42494250e-01 6.14288332e-01 9.99226480e-02
6.18856649e-01 3.49164978e-02 7.84726485e-01 -8.52608149e-01 -2.12602414e-01 9.69168972e-01 1.24540835e-01 -9.08877988e-03 -7.56184836e-01 -2.43907839e-01 6.07201091e-01 1.05834078e-01
6.11429818e-01 3.56959513e-02 7.90492105e-01 -8.58822491e-01 -2.15443438e-01 9.68751474e-01 1.22895720e-01 -7.44453730e-03 -7.61404340e-01 -2.45448606e-01 6.00015109e-01 1.11807264e-01
6.03974211e-01 3.64076499e-02 7.96170861e-01 -8.65036603e-01 -2.17959725e-01 9.68419704e-01 1.21059719e-01 -5.74873537e-03 -7.66620916e-01 -2.46650284e-01 5.92837031e-01 1.17722772e-01
5.96308916e-01 3.71974210e-02 8.01891828e-01 -8.71225148e-01 -2.20692608e-01 9.68030315e-01 1.19209090e-01 -4.03858435e-03 -7.71822158e-01 -2.48057193e-01 5.85455371e-01 1.23708661e-01
5.88341591e-01 3.81075320e-02 8.07713096e-01 -8.77463112e-01 -2.23677402e-01 9.67581096e-01 1.17277601e-01 -2.28562826e-03 -7.77059561e-01 -2.49666626e-01 5.77793041e-01 1.29839692e-01
5.80506925e-01 3.90662444e-02 8.13316660e-01 -8.83548843e-01 -2.26740101e-01 9.67095838e-01 1.15383678e-01 -5.26815972e-04 -7.82048321e-01 -2.51392705e-01 5.70264757e-01 1.35989308e-01
5.72822636e-01 3.99839692e-02 8.18702646e-01 -8.89531041e-01 -2.29717379e-01 9.66613809e-01 1.13519032e-01 1.26147341e-03 -7.86831085e-01 -2.53096673e-01 5.62884300e-01 1.42186963e-01
5.64535065e-01 4.10562443e-02 8.24386433e-01 -8.95880129e-01 -2.32851568e-01 9.66117085e-01 1.11340761e-01 3.15272929e-03 -7.91883352e-01 -2.54815626e-01 5.54968015e-01 1.48507787e-01
5.56442443e-01 4.19683502e-02 8.29824621e-01 -9.02029276e-01 -2.35895257e-01 9.65606507e-01 1.09345160e-01 4.97941095e-03 -7.96695765e-01 -2.56596179e-01 5.47205610e-01 1.54699387e-01
5.48177040e-01 4.28917552e-02 8.35260858e-01 -9.08117159e-01 -2.38816479e-01 9.65131819e-01 1.07173215e-01 6.91675727e-03 -8.01540762e-01 -2.58224138e-01 5.39307388e-01 1.61095179e-01
5.39614456e-01 4.38701026e-02 8.40767586e-01 -9.14297116e-01 -2.41636027e-01 9.64696109e-01 1.04748399e-01 8.96915947e-03 -8.06490686e-01 -2.59683669e-01 5.31165613e-01 1.67711698e-01
5.30623676e-01 4.48925896e-02 8.46416920e-01 -9.20535823e-01 -2.44526058e-01 9.64246111e-01 1.02152845e-01 1.11333594e-02 -8.11569119e-01 -2.61175904e-01 5.22630274e-01 1.74633827e-01
5.21222845e-01 4.57817903e-02 8.52190844e-01 -9.26891353e-01 -2.47378278e-01 9.63793227e-01 9.95259577e-02 1.33027675e-02 -8.16780103e-01 -2.62688897e-01 5.13677478e-01 1.81648521e-01
5.11594545e-01 4.66988531e-02 8.57956117e-01 -9.33240473e-01 -2.50231969e-01 9.63336356e-01 9.67773113e-02 1.55386358e-02 -8.21981758e-01 -2.64198985e-01 5.04524167e-01 1.88799055e-01
5.01765146e-01 4.74984167e-02 8.63697878e-01 -9.39411828e-01 -2.53179531e-01 9.62827925e-01 9.41346915e-02 1.77761376e-02 -8.27122062e-01 -2.65904340e-01 4.95140081e-01 1.96116935e-01
4.91729604e-01 4.84511988e-02 8.69397975e-01 -9.45681419e-01 -2.56215231e-01 9.62298995e-01 9.12863262e-02 2.00468616e-02 -8.32198757e-01 -2.67641407e-01 4.85605802e-01 2.03343014e-01
4.81365752e-01 4.94156399e-02 8.75124834e-01 -9.52024441e-01 -2.59573852e-01 9.61660997e-01 8.84775867e-02 2.23179805e-02 -8.37202190e-01 -2.69749807e-01 4.75738634e-01 2.10671617e-01
4.71260472e-01 5.04355163e-02 8.80549949e-01 -9.58224932e-01 -2.62832899e-01 9.61034272e-01 8.56198515e-02 2.45431590e-02 -8.41921366e-01 -2.71786947e-01 4.66154508e-01 2.17688890e-01
4.60627871e-01 5.12990299e-02 8.86108779e-01 -9.64505446e-01 -2.66085452e-01 9.60392984e-01 8.27203346e-02 2.68656763e-02 -8.46770115e-01 -2.73884158e-01 4.56034621e-01 2.25103311e-01
4.49753661e-01 5.22065767e-02 8.91624627e-01 -9.70702691e-01 -2.69359450e-01 9.59737492e-01 7.96757394e-02 2.92520227e-02 -8.51566965e-01 -2.76002190e-01 4.45708684e-01 2.32574015e-01
4.38903913e-01 5.30574026e-02 8.96965242e-01 -9.76740284e-01 -2.72380443e-01 9.59139393e-01 7.65463906e-02 3.17267621e-02 -8.56254348e-01 -2.77912512e-01 4.35422694e-01 2.40245274e-01
4.28001997e-01 5.38151994e-02 9.02173227e-01 -9.82428925e-01 -2.75165834e-01 9.58593047e-01 7.33614208e-02 3.42159036e-02 -8.60870046e-01 -2.79646309e-01 4.25088716e-01 2.47917645e-01
4.17158605e-01 5.45129440e-02 9.07196446e-01 -9.88006895e-01 -2.77721215e-01 9.58097595e-01 7.01337925e-02 3.67090362e-02 -8.65360568e-01 -2.81204834e-01 4.14818892e-01 2.55500473e-01
4.05680993e-01 5.49727240e-02 9.12359194e-01 -9.93650113e-01 -2.80038716e-01 9.57659982e-01 6.68171598e-02 3.93516460e-02 -8.70057842e-01 -2.82602561e-01 4.03899740e-01 2.63626290e-01
3.93983543e-01 5.54125080e-02 9.17444711e-01 -9.99195683e-01 -2.82319828e-01 9.57220864e-01 6.34233290e-02 4.20755055e-02 -8.74683886e-01 -2.84000782e-01 3.92774118e-01 2.71994304e-01
3.82055428e-01 5.56515543e-02 9.22461346e-01 -1.00444810e+00 -2.84278172e-01 9.56861120e-01 6.00125535e-02 4.48587088e-02 -8.79328680e-01 -2.85163961e-01 3.81395310e-01 2.80607016e-01
3.69211211e-01 5.59781356e-02 9.27657179e-01 -1.00994226e+00 -2.86439703e-01 9.56442675e-01 5.62890253e-02 4.78567157e-02 -8.84101089e-01 -2.86500609e-01 3.69164505e-01 2.89823604e-01
3.56273754e-01 5.62023201e-02 9.32688966e-01 -1.01535915e+00 -2.88420521e-01 9.56059446e-01 5.25619509e-02 5.08737501e-02 -8.88753087e-01 -2.87733295e-01 3.56829553e-01 2.99126306e-01
3.43207598e-01 5.63419224e-02 9.37567296e-01 -1.02069858e+00 -2.90491251e-01 9.55626156e-01 4.89106652e-02 5.38860773e-02 -8.93209242e-01 -2.89141844e-01 3.44345747e-01 3.08519520e-01
3.29671617e-01 5.65579508e-02 9.42399090e-01 -1.02603787e+00 -2.92815173e-01 9.55103577e-01 4.51127357e-02 5.70332861e-02 -8.97538428e-01 -2.90821393e-01 3.31432307e-01 3.18311071e-01
3.15779310e-01 5.68150776e-02 9.47129205e-01 -1.03151099e+00 -2.95198757e-01 9.54548133e-01 4.11612081e-02 6.02844939e-02 -9.01743023e-01 -2.92589463e-01 3.18199026e-01 3.28321098e-01
3.01626898e-01 5.69634749e-02 9.51721938e-01 -1.03695604e+00 -2.97543660e-01 9.53982500e-01 3.72010607e-02 6.35412556e-02 -9.05808133e-01 -2.94399920e-01 3.04696609e-01 3.38386262e-01
2.87600195e-01 5.69905295e-02 9.56052523e-01 -1.04217200e+00 -2.99789265e-01 9.53421730e-01 3.33490986e-02 6.67323043e-02 -9.09621878e-01 -2.96205748e-01 2.91290100e-01 3.48295271e-01
2.73538576e-01 5.69475503e-02 9.60172835e-01 -1.04736052e+00 -3.01844594e-01 9.52900812e-01 2.94747224e-02 6.99708963e-02 -9.13272116e-01 -2.97885725e-01 2.77845084e-01 3.58297047e-01
2.59284038e-01 5.68902124e-02 9.64123219e-01 -1.05241278e+00 -3.03555518e-01 9.52473697e-01 2.54331881e-02 7.33485628e-02 -9.16856229e-01 -2.99259619e-01 2.64231182e-01 3.68648886e-01
2.45034781e-01 5.65966696e-02 9.67860016e-01 -1.05708488e+00 -3.05332379e-01 9.51999534e-01 2.16323729e-02 7.66994272e-02 -9.20179102e-01 -3.00819977e-01 2.50554393e-01 3.79120837e-01
2.30419337e-01 5.62404851e-02 9.71463935e-01 -1.06159198e+00 -3.06749153e-01 9.51625931e-01 1.76651913e-02 8.01399397e-02 -9.23477876e-01 -3.02066447e-01 2.36525309e-01 3.89831929e-01
2.16172627e-01 5.61252321e-02 9.74739765e-01 -1.06596657e+00 -3.08074463e-01 9.51265213e-01 1.35496117e-02 8.36011111e-02 -9.26476693e-01 -3.03221780e-01 2.22928811e-01 4.00323108e-01
2.01602951e-01 5.62138089e-02 9.77851963e-01 -1.07018803e+00 -3.09292016e-01 9.50922999e-01 9.10080512e-03 8.71783088e-02 -9.29351496e-01 -3.04276860e-01 2.09095914e-01 4.10935635e-01
1.87588336e-01 5.62658963e-02 9.80633914e-01 -1.07438167e+00 -3.10537064e-01 9.50548232e-01 4.86394033e-03 9.06528773e-02 -9.31867363e-01 -3.05435921e-01 1.95784943e-01 4.21270081e-01
1.73843150e-01 5.62820736e-02 9.83162783e-01 -1.07825763e+00 -3.12131589e-01 9.50037994e-01 8.05454428e-04 9.40269771e-02 -9.33997841e-01 -3.07016505e-01 1.82725517e-01 4.31418702e-01
1.60722096e-01 5.64875212e-02 9.85381010e-01 -1.08170057e+00 -3.14035602e-01 9.49405233e-01 -3.20386445e-03 9.73104392e-02 -9.35708064e-01 -3.08930105e-01 1.70329989e-01 4.41123261e-01
1.47906560e-01 5.67257707e-02 9.87372293e-01 -1.08503097e+00 -3.15902687e-01 9.48763824e-01 -7.18596350e-03 1.00621149e-01 -9.37191951e-01 -3.10851016e-01 1.58248695e-01 4.50780354e-01
1.34406449e-01 5.67623228e-02 9.89298293e-01 -1.08822239e+00 -3.17073652e-01 9.48332638e-01 -1.13340554e-02 1.04138064e-01 -9.38828446e-01 -3.12157366e-01 1.45460314e-01 4.61093617e-01
1.20801116e-01 5.68215221e-02 9.91048236e-01 -1.09104133e+00 -3.18116204e-01 9.47923260e-01 -1.55730003e-02 1.07789462e-01 -9.40323812e-01 -3.13387568e-01 1.32586475e-01 4.71745689e-01
1.07242635e-01 5.69616272e-02 9.92598899e-01 -1.09346131e+00 -3.19205331e-01 9.47476418e-01 -1.98844875e-02 1.11499914e-01 -9.41597964e-01 -3.14710703e-01 1.19792738e-01 4.82501893e-01
9.38536726e-02 5.71283884e-02 9.93944666e-01 -1.09555352e+00 -3.19861013e-01 9.47153889e-01 -2.42359444e-02 1.15242911e-01 -9.42804387e-01 -3.15649830e-01 1.07167420e-01 4.93297581e-01
8.05511326e-02 5.73105168e-02 9.95100607e-01 -1.09739506e+00 -3.20401402e-01 9.46849567e-01 -2.85957914e-02 1.18990443e-01 -9.43850704e-01 -3.16528507e-01 9.46325686e-02 5.04067455e-01
6.77804164e-02 5.74323935e-02 9.96044964e-01 -1.09893792e+00 -3.20666015e-01 9.46624984e-01 -3.27615853e-02 1.22687460e-01 -9.44763919e-01 -3.17177464e-01 8.25796306e-02 5.14753085e-01
5.51266188e-02 5.75889114e-02 9.96816355e-01 -1.10017819e+00 -3.20780133e-01 9.46432548e-01 -3.69380457e-02 1.26438061e-01 -9.45547978e-01 -3.17722886e-01 7.06473658e-02 5.25574608e-01
4.27631364e-02 5.76450084e-02 9.97419999e-01 -1.10130054e+00 -3.21067060e-01 9.46171559e-01 -4.09177517e-02 1.30122560e-01 -9.46090457e-01 -3.18489204e-01 5.89695171e-02 5.36315019e-01
3.14433240e-02 5.77235225e-02 9.97836476e-01 -1.10227689e+00 -3.21383857e-01 9.45897957e-01 -4.45916132e-02 1.33652749e-01 -9.46426793e-01 -3.19286685e-01 4.82939095e-02 5.46582454e-01
2.02412548e-02 5.77570485e-02 9.98124598e-01 -1.10312222e+00 -3.21709239e-01 9.45610628e-01 -4.81942136e-02 1.37160275e-01 -9.46622111e-01 -3.20130660e-01 3.77216306e-02 5.56828987e-01
9.00550740e-03 5.78058578e-02 9.98286383e-01 -1.10400111e+00 -3.21925550e-01 9.45344369e-01 -5.18361154e-02 1.40740262e-01 -9.46722173e-01 -3.20907343e-01 2.71227814e-02 5.67257721e-01
-2.19663285e-03 5.79766226e-02 9.98314684e-01 -1.10492823e+00 -3.21974617e-01 9.45114012e-01 -5.55954249e-02 1.44366957e-01 -9.46745793e-01 -3.21554362e-01 1.65912100e-02 5.77694596e-01
-1.33883879e-02 5.82104304e-02 9.98213675e-01 -1.10596085e+00 -3.22038460e-01 9.44859606e-01 -5.94183478e-02 1.48061645e-01 -9.46631966e-01 -3.22258970e-01 6.09611174e-03 5.88230021e-01
-2.43455429e-02 5.84441173e-02 9.97992927e-01 -1.10732812e+00 -3.22155024e-01 9.44576177e-01 -6.31747026e-02 1.51691663e-01 -9.46373901e-01 -3.23046718e-01 -4.16790821e-03 5.98507772e-01
-3.54829429e-02 5.87971411e-02 9.97638299e-01 -1.10879547e+00 -3.22329379e-01 9.44244935e-01 -6.71145478e-02 1.55417373e-01 -9.45962449e-01 -3.23949803e-01 -1.45523129e-02 6.08933438e-01
-4.65669005e-02 5.90917347e-02 9.97164986e-01 -1.11024012e+00 -3.22410597e-01 9.43933500e-01 -7.09935410e-02 1.59164195e-01 -9.45453956e-01 -3.24802759e-01 -2.49040411e-02 6.19451000e-01
-5.78664915e-02 5.94370659e-02 9.96552564e-01 -1.11163896e+00 -3.22337968e-01 9.43648496e-01 -7.49987653e-02 1.63046256e-01 -9.44854456e-01 -3.25566889e-01 -3.54466070e-02 6.30258908e-01
-6.87736459e-02 5.97417865e-02 9.95841064e-01 -1.11289702e+00 -3.22071430e-01 9.43426377e-01 -7.88398418e-02 1.66884881e-01 -9.44214183e-01 -3.26154301e-01 -4.56415676e-02 6.40967987e-01
-7.96578702e-02 6.02179151e-02 9.95000842e-01 -1.11387206e+00 -3.21845756e-01 9.43159970e-01 -8.28467847e-02 1.70804415e-01 -9.43435289e-01 -3.26836450e-01 -5.57490683e-02 6.51769372e-01
-9.05191642e-02 6.05678897e-02 9.94050333e-01 -1.11476295e+00 -3.21417899e-01 9.42957337e-01 -8.67233409e-02 1.74692971e-01 -9.42601206e-01 -3.27355934e-01 -6.58879580e-02 6.62593656e-01
-1.01243603e-01 6.09917437e-02 9.92989424e-01 -1.11532720e+00 -3.20914162e-01 9.42761849e-01 -9.06264878e-02 1.78568563e-01 -9.41681502e-01 -3.27839965e-01 -7.58753582e-02 6.73313890e-01
-1.11649658e-01 6.14448631e-02 9.91845339e-01 -1.11590046e+00 -3.20357091e-01 9.42575572e-01 -9.44543769e-02 1.82377187e-01 -9.40694429e-01 -3.28290714e-01 -8.55538203e-02 6.83775193e-01
-1.21629894e-01 6.19699781e-02 9.90638291e-01 -1.11646740e+00 -3.19592761e-01 9.42452759e-01 -9.81950365e-02 1.86130981e-01 -9.39716394e-01 -3.28544510e-01 -9.48251696e-02 6.94034546e-01
-1.31863154e-01 6.25989052e-02 9.89288577e-01 -1.11678511e+00 -3.18788934e-01 9.42308100e-01 -1.02117758e-01 1.89979032e-01 -9.38608528e-01 -3.28840039e-01 -1.04299797e-01 7.04554625e-01
-1.42008706e-01 6.32263563e-02 9.87843320e-01 -1.11685517e+00 -3.17969203e-01 9.42155012e-01 -1.06012140e-01 1.93816457e-01 -9.37405702e-01 -3.29158606e-01 -1.13690108e-01 7.15078999e-01
-1.52172701e-01 6.39212763e-02 9.86283891e-01 -1.11665824e+00 -3.17038627e-01 9.42015164e-01 -1.09967725e-01 1.97754486e-01 -9.36125120e-01 -3.29424394e-01 -1.23083424e-01 7.25874300e-01
-1.62233184e-01 6.45504793e-02 9.84638011e-01 -1.11630844e+00 -3.15972834e-01 9.41916807e-01 -1.13810781e-01 2.01653696e-01 -9.34795045e-01 -3.29582980e-01 -1.32413927e-01 7.36681644e-01
-1.72194150e-01 6.53004507e-02 9.82895438e-01 -1.11570494e+00 -3.14712743e-01 9.41859614e-01 -1.17708873e-01 2.05542693e-01 -9.33437338e-01 -3.29598732e-01 -1.41631810e-01 7.47442218e-01
-1.82112413e-01 6.60661819e-02 9.81054895e-01 -1.11488557e+00 -3.13456679e-01 9.41783081e-01 -1.21608206e-01 2.09405084e-01 -9.31976468e-01 -3.29664819e-01 -1.50801495e-01 7.58141877e-01
-1.91682472e-01 6.68638455e-02 9.79175897e-01 -1.11403721e+00 -3.12288915e-01 9.41668996e-01 -1.25435975e-01 2.13186603e-01 -9.30448054e-01 -3.29829914e-01 -1.59620608e-01 7.68572630e-01
-2.01176682e-01 6.76862456e-02 9.77212778e-01 -1.11297276e+00 -3.11218876e-01 9.41502923e-01 -1.29282734e-01 2.16990463e-01 -9.28800736e-01 -3.30136002e-01 -1.68343220e-01 7.79037387e-01
-2.10493205e-01 6.84609744e-02 9.75194343e-01 -1.11181619e+00 -3.10120999e-01 9.41344097e-01 -1.33023394e-01 2.20730668e-01 -9.27101708e-01 -3.30429042e-01 -1.76915390e-01 7.89353744e-01
-2.20101230e-01 6.93630138e-02 9.73006929e-01 -1.11055344e+00 -3.08784348e-01 9.41220953e-01 -1.36946299e-01 2.24582789e-01 -9.25314894e-01 -3.30591643e-01 -1.85745730e-01 7.99949439e-01
-2.29757021e-01 7.01236092e-02 9.70717582e-01 -1.10937047e+00 -3.07396206e-01 9.41115388e-01 -1.40742072e-01 2.28393913e-01 -9.23427984e-01 -3.30731671e-01 -1.94672203e-01 8.10544621e-01
-2.39777321e-01 7.07169003e-02 9.68247977e-01 -1.10810115e+00 -3.05908008e-01 9.41033193e-01 -1.44484380e-01 2.32272932e-01 -9.21372372e-01 -3.30839188e-01 -2.04005632e-01 8.21452601e-01
-2.49902540e-01 7.14482307e-02 9.65630392e-01 -1.10666670e+00 -3.04526484e-01 9.40867698e-01 -1.48426597e-01 2.36214390e-01 -9.19136695e-01 -3.31152502e-01 -2.13367448e-01 8.32405556e-01
-2.59864203e-01 7.21157006e-02 9.62947630e-01 -1.10522897e+00 -3.03219552e-01 9.40674769e-01 -1.52275447e-01 2.40184565e-01 -9.16803406e-01 -3.31555772e-01 -2.22580912e-01 8.43452734e-01
-2.69929509e-01 7.25387724e-02 9.60142943e-01 -1.10382016e+00 -3.02078696e-01 9.40435706e-01 -1.55974656e-01 2.44118807e-01 -9.14268308e-01 -3.32141162e-01 -2.31939049e-01 8.54510376e-01
-2.79899565e-01 7.29478314e-02 9.57252892e-01 -1.10237470e+00 -3.01292357e-01 9.40056738e-01 -1.59734857e-01 2.48089427e-01 -9.11525724e-01 -3.33122984e-01 -2.41142975e-01 8.65542166e-01
-2.90001276e-01 7.32745214e-02 9.54216133e-01 -1.10080873e+00 -3.00324514e-01 9.39730304e-01 -1.63435448e-01 2.52067697e-01 -9.08682825e-01 -3.33971257e-01 -2.50516995e-01 8.76688777e-01
-3.00888256e-01 7.34944679e-02 9.50822353e-01 -1.09884062e+00 -2.99047367e-01 9.39466326e-01 -1.67250369e-01 2.56151901e-01 -9.05558864e-01 -3.34664880e-01 -2.60696230e-01 8.88265586e-01
-3.12040567e-01 7.37816646e-02 9.47198660e-01 -1.09657590e+00 -2.97451835e-01 9.39269566e-01 -1.71155114e-01 2.60277038e-01 -9.02304242e-01 -3.35153611e-01 -2.71143918e-01 8.99929348e-01
-3.23556491e-01 7.40864254e-02 9.43303121e-01 -1.09418028e+00 -2.95700829e-01 9.39080162e-01 -1.75181234e-01 2.64544672e-01 -8.98817023e-01 -3.35616834e-01 -2.81938288e-01 9.12028870e-01
-3.34906632e-01 7.44506902e-02 9.39304489e-01 -1.09160120e+00 -2.93633404e-01 9.38985894e-01 -1.79119664e-01 2.68762324e-01 -8.95330514e-01 -3.35799850e-01 -2.92611633e-01 9.24060677e-01
-3.46459282e-01 7.47452709e-02 9.35081456e-01 -1.08867393e+00 -2.91657151e-01 9.38832584e-01 -1.83107674e-01 2.72940741e-01 -8.91572680e-01 -3.36162867e-01 -3.03467511e-01 9.36039738e-01
-3.57668137e-01 7.49067528e-02 9.30838716e-01 -1.08580365e+00 -2.89507354e-01 9.38773265e-01 -1.86786366e-01 2.77056573e-01 -8.87839402e-01 -3.36292489e-01 -3.14083488e-01 9.47986350e-01
-3.68783215e-01 7.52187195e-02 9.26466074e-01 -1.08284559e+00 -2.87132959e-01 9.38754105e-01 -1.90510673e-01 2.81163216e-01 -8.84055105e-01 -3.36276374e-01 -3.24599263e-01 9.59826986e-01
-3.79912284e-01 7.54600186e-02 9.21938628e-01 -1.07979356e+00 -2.84800246e-01 9.38710184e-01 -1.94193172e-01 2.85258289e-01 -8.80088254e-01 -3.36344995e-01 -3.35136794e-01 9.71691697e-01
-3.91581998e-01 7.56933584e-02 9.17023676e-01 -1.07638216e+00 -2.82276700e-01 9.38673669e-01 -1.98016500e-01 2.89386679e-01 -8.75775812e-01 -3.36394381e-01 -3.46201552e-01 9.83760225e-01
-4.03873320e-01 7.59746906e-02 9.11653726e-01 -1.07250269e+00 -2.79431213e-01 9.38672423e-01 -2.02017647e-01 2.93699250e-01 -8.71093785e-01 -3.36334307e-01 -3.57875387e-01 9.96445720e-01
-4.16497543e-01 7.61519381e-02 9.05940952e-01 -1.06831028e+00 -2.76488896e-01 9.38674544e-01 -2.06016534e-01 2.97984276e-01 -8.66073626e-01 -3.36288249e-01 -3.69900838e-01 1.00922491e+00
-4.29167972e-01 7.63440183e-02 8.99991534e-01 -1.06394808e+00 -2.73612662e-01 9.38613432e-01 -2.10094523e-01 3.02338307e-01 -8.60785002e-01 -3.36415164e-01 -3.81934515e-01 1.02215098e+00
-4.42124771e-01 7.64312166e-02 8.93690272e-01 -1.05938660e+00 -2.70649521e-01 9.38552982e-01 -2.14163220e-01 3.06640190e-01 -8.55145838e-01 -3.36563937e-01 -3.94271856e-01 1.03505779e+00
-4.55208397e-01 7.64189157e-02 8.87098511e-01 -1.05447325e+00 -2.67697986e-01 9.38466975e-01 -2.18211380e-01 3.10904270e-01 -8.49189549e-01 -3.36806374e-01 -4.06741307e-01 1.04798486e+00
-4.67966824e-01 7.63658351e-02 8.80439441e-01 -1.04934215e+00 -2.64799544e-01 9.38368695e-01 -2.22135315e-01 3.15050181e-01 -8.43141774e-01 -3.37092159e-01 -4.18904235e-01 1.06061968e+00
-4.80413965e-01 7.64293686e-02 8.73704365e-01 -1.04406367e+00 -2.61708194e-01 9.38316967e-01 -2.25984027e-01 3.19171722e-01 -8.37084869e-01 -3.37221693e-01 -4.30778861e-01 1.07320418e+00
-4.93326063e-01 7.64244984e-02 8.66479646e-01 -1.03845902e+00 -2.58543459e-01 9.38229888e-01 -2.29953431e-01 3.23332776e-01 -8.30532604e-01 -3.37464897e-01 -4.43094725e-01 1.08598011e+00
-5.06158815e-01 7.64382812e-02 8.59045223e-01 -1.03250447e+00 -2.55333236e-01 9.38128407e-01 -2.33920242e-01 3.27475214e-01 -8.23776628e-01 -3.37743830e-01 -4.55325247e-01 1.09872509e+00
-5.19404876e-01 7.61736165e-02 8.51125362e-01 -1.02600135e+00 -2.52292797e-01 9.37948301e-01 -2.37907383e-01 3.31607729e-01 -8.16435289e-01 -3.38303299e-01 -4.67957430e-01 1.11158236e+00
-5.33048533e-01 7.54252545e-02 8.42714948e-01 -1.01879802e+00 -2.49770524e-01 9.37600282e-01 -2.41906881e-01 3.35776980e-01 -8.08377087e-01 -3.39433717e-01 -4.80948059e-01 1.12474083e+00
-5.46908054e-01 7.46689952e-02 8.33855103e-01 -1.01110464e+00 -2.46980846e-01 9.37294905e-01 -2.45921238e-01 3.39916738e-01 -7.99932250e-01 -3.40442791e-01 -4.94172959e-01 1.13791078e+00
-5.60585720e-01 7.38670018e-02 8.24794254e-01 -1.00289232e+00 -2.43919531e-01 9.37095249e-01 -2.49708596e-01 3.43959059e-01 -7.91357368e-01 -3.41166756e-01 -5.07305248e-01 1.15102304e+00
-5.73794904e-01 7.33587602e-02 8.15705912e-01 -9.94334091e-01 -2.40485131e-01 9.36983576e-01 -2.53430918e-01 3.47869447e-01 -7.82895799e-01 -3.41582758e-01 -5.19995398e-01 1.16373985e+00
-5.86473904e-01 7.31354937e-02 8.06658425e-01 -9.85711316e-01 -2.36959145e-01 9.36849852e-01 -2.57218331e-01 3.51794812e-01 -7.74530987e-01 -3.41997168e-01 -5.32108574e-01 1.17625502e+00
-5.99374605e-01 7.30635945e-02 7.97126081e-01 -9.76943955e-01 -2.33083257e-01 9.36742670e-01 -2.61120502e-01 3.55747162e-01 -7.65781791e-01 -3.42306000e-01 -5.44430584e-01 1.18884938e+00
-6.12439531e-01 7.30323202e-02 7.87135508e-01 -9.67775877e-01 -2.28817708e-01 9.36720335e-01 -2.64945310e-01 3.59727996e-01 -7.56676771e-01 -3.42373778e-01 -5.56974218e-01 1.20174278e+00
-6.25124950e-01 7.33574860e-02 7.77068639e-01 -9.58535703e-01 -2.24317877e-01 9.36687012e-01 -2.68881921e-01 3.63757393e-01 -7.47595922e-01 -3.42395448e-01 -5.69091808e-01 1.21453102e+00
-6.38307045e-01 7.30783592e-02 7.66304034e-01 -9.48565036e-01 -2.20180889e-01 9.36559428e-01 -2.72718448e-01 3.67859257e-01 -7.37620391e-01 -3.42803867e-01 -5.81722840e-01 1.22789380e+00
-6.50972095e-01 7.27421750e-02 7.55607141e-01 -9.38642935e-01 -2.15937645e-01 9.36528732e-01 -2.76194486e-01 3.71924240e-01 -7.27740096e-01 -3.42959169e-01 -5.93947133e-01 1.24129758e+00
-6.63490964e-01 7.26308384e-02 7.44649397e-01 -9.28565844e-01 -2.11052465e-01 9.36688023e-01 -2.79411803e-01 3.75954528e-01 -7.17799399e-01 -3.42547547e-01 -6.06155949e-01 1.25478631e+00
-6.75840435e-01 7.21370622e-02 7.33508125e-01 -9.18634334e-01 -2.06742494e-01 9.36690436e-01 -2.82607690e-01 3.79867189e-01 -7.07457817e-01 -3.42645251e-01 -6.18140351e-01 1.26791402e+00
-6.88481934e-01 7.15788410e-02 7.21711393e-01 -9.07987645e-01 -2.02347958e-01 9.36642745e-01 -2.85926905e-01 3.83752725e-01 -6.96453364e-01 -3.42892574e-01 -6.30378650e-01 1.28107031e+00
-7.01015081e-01 7.06664115e-02 7.09635324e-01 -8.96905551e-01 -1.98214245e-01 9.36561713e-01 -2.89070478e-01 3.87440397e-01 -6.85046151e-01 -3.43302845e-01 -6.42537715e-01 1.29384093e+00
-7.13293087e-01 6.97448320e-02 6.97385687e-01 -8.85394376e-01 -1.94319177e-01 9.36346076e-01 -2.92394590e-01 3.91103305e-01 -6.73388654e-01 -3.44078717e-01 -6.54337328e-01 1.30629815e+00
-7.25856104e-01 6.82349346e-02 6.84452391e-01 -8.72971951e-01 -1.90805645e-01 9.36041798e-01 -2.95664350e-01 3.94736554e-01 -6.60851986e-01 -3.45207409e-01 -6.66412986e-01 1.31888630e+00
-7.38099361e-01 6.67189918e-02 6.71383737e-01 -8.60208816e-01 -1.87370902e-01 9.35684359e-01 -2.98973926e-01 3.98363039e-01 -6.48151789e-01 -3.46470489e-01 -6.78127771e-01 1.33124696e+00
-7.50120587e-01 6.54852632e-02 6.58049395e-01 -8.47193649e-01 -1.83483843e-01 9.35404698e-01 -3.02242040e-01 4.01891512e-01 -6.35336169e-01 -3.47459664e-01 -6.89651766e-01 1.34332526e+00
-7.61515969e-01 6.37924238e-02 6.44997782e-01 -8.34312040e-01 -1.80065723e-01 9.35146472e-01 -3.05083454e-01 4.05178166e-01 -6.22630661e-01 -3.48468182e-01 -7.00643119e-01 1.35485863e+00
-7.72666234e-01 6.15726850e-02 6.31817892e-01 -8.21252260e-01 -1.77292749e-01 9.34749788e-01 -3.07910156e-01 4.08412255e-01 -6.09551696e-01 -3.49928800e-01 -7.11334202e-01 1.36611172e+00
-7.83412410e-01 5.91042903e-02 6.18683968e-01 -8.08178643e-01 -1.74877561e-01 9.34283479e-01 -3.10693969e-01 4.11539546e-01 -5.96390764e-01 -3.51595737e-01 -7.21594264e-01 1.37687338e+00
-7.94551291e-01 5.60988179e-02 6.04598513e-01 -7.94184542e-01 -1.72980379e-01 9.33548463e-01 -3.13948353e-01 4.14964134e-01 -5.82035348e-01 -3.54032030e-01 -7.32049158e-01 1.38810841e+00
-8.05566051e-01 5.24834307e-02 5.90175480e-01 -7.80109630e-01 -1.71488308e-01 9.32783488e-01 -3.17025689e-01 4.18577794e-01 -5.67145724e-01 -3.56593595e-01 -7.42419419e-01 1.39987212e+00
-8.15922044e-01 4.85434962e-02 5.76118914e-01 -7.66464055e-01 -1.70474207e-01 9.31967368e-01 -3.19959243e-01 4.22144988e-01 -5.52457135e-01 -3.59275489e-01 -7.52138340e-01 1.41130242e+00
-8.26658573e-01 4.34266707e-02 5.61024072e-01 -7.52406868e-01 -1.70402034e-01 9.30882438e-01 -3.23140131e-01 4.25862424e-01 -5.36281503e-01 -3.62726465e-01 -7.62123044e-01 1.42292636e+00
-8.37242309e-01 3.79663876e-02 5.45510873e-01 -7.38230439e-01 -1.70249607e-01 9.29906971e-01 -3.26016140e-01 4.29498327e-01 -5.19653168e-01 -3.65827784e-01 -7.72094843e-01 1.43426643e+00
-8.48055181e-01 3.15488787e-02 5.28966201e-01 -7.22737114e-01 -1.70891153e-01 9.28609117e-01 -3.29362584e-01 4.33295791e-01 -5.01594980e-01 -3.69713586e-01 -7.82121542e-01 1.44540518e+00
-8.59466624e-01 2.47562434e-02 5.10590198e-01 -7.06116611e-01 -1.71162022e-01 9.27235400e-01 -3.33071196e-01 4.37261542e-01 -4.81683992e-01 -3.73657545e-01 -7.92691800e-01 1.45673431e+00
-8.70475392e-01 1.79249164e-02 4.91883458e-01 -6.89640383e-01 -1.71214542e-01 9.25901171e-01 -3.36735706e-01 4.41345832e-01 -4.61472495e-01 -3.77338092e-01 -8.02906455e-01 1.46812961e+00
-8.81489094e-01 1.11926589e-02 4.72069684e-01 -6.72688348e-01 -1.70665153e-01 9.24587401e-01 -3.40602316e-01 4.45614469e-01 -4.40282962e-01 -3.80803430e-01 -8.13104758e-01 1.47965010e+00
-8.92102967e-01 4.08883293e-03 4.51811556e-01 -6.55169608e-01 -1.70294761e-01 9.23172561e-01 -3.44601915e-01 4.50009253e-01 -4.18510058e-01 -3.84361883e-01 -8.22869963e-01 1.49092107e+00
-9.02339046e-01 -2.19914039e-03 4.31019153e-01 -6.37062010e-01 -1.68871181e-01 9.21845709e-01 -3.48828484e-01 4.54419877e-01 -3.96567025e-01 -3.87548622e-01 -8.32190087e-01 1.50149577e+00
-9.12429405e-01 -8.81319429e-03 4.09136955e-01 -6.18187339e-01 -1.67257074e-01 9.20483177e-01 -3.53177154e-01 4.58951656e-01 -3.73492039e-01 -3.90680627e-01 -8.41351296e-01 1.51202383e+00
-9.22397018e-01 -1.58973850e-02 3.85913392e-01 -5.98788761e-01 -1.65466124e-01 9.19086433e-01 -3.57630313e-01 4.63706370e-01 -3.49003317e-01 -3.93733117e-01 -8.50394339e-01 1.52282649e+00
-9.31922658e-01 -2.49392481e-02 3.61795996e-01 -5.79450081e-01 -1.64943779e-01 9.17620928e-01 -3.61612657e-01 4.68341849e-01 -3.22974132e-01 -3.96671406e-01 -8.59266636e-01 1.53378501e+00
-9.40913965e-01 -3.36864980e-02 3.36963222e-01 -5.59796657e-01 -1.63771133e-01 9.16206130e-01 -3.65709664e-01 4.73013270e-01 -2.96409178e-01 -3.99286574e-01 -8.67589405e-01 1.54389908e+00
-9.49543540e-01 -4.08369922e-02 3.10962324e-01 -5.39302297e-01 -1.60614503e-01 9.14922410e-01 -3.70294739e-01 4.77687081e-01 -2.69385527e-01 -4.01556415e-01 -8.75319066e-01 1.55305338e+00
-9.57571307e-01 -4.71891956e-02 2.84303627e-01 -5.18010076e-01 -1.56440617e-01 9.13618351e-01 -3.75268024e-01 4.82336627e-01 -2.42037221e-01 -4.03822908e-01 -8.82238432e-01 1.56096169e+00
-9.65118382e-01 -5.32987034e-02 2.56327763e-01 -4.95803705e-01 -1.51353869e-01 9.12458619e-01 -3.80144038e-01 4.86852821e-01 -2.13628056e-01 -4.05680577e-01 -8.88699010e-01 1.56815654e+00
-9.71998569e-01 -5.90390328e-02 2.27445479e-01 -4.73419928e-01 -1.45363897e-01 9.11564870e-01 -3.84599924e-01 4.91193509e-01 -1.84625619e-01 -4.06893303e-01 -8.94623316e-01 1.57493457e+00
-9.77939974e-01 -6.50615937e-02 1.98491036e-01 -4.50593438e-01 -1.39434050e-01 9.10877631e-01 -3.88404970e-01 4.95200646e-01 -1.55531468e-01 -4.07513531e-01 -8.99856856e-01 1.58103853e+00
-9.83058556e-01 -7.11477316e-02 1.68914744e-01 -4.27220442e-01 -1.33224150e-01 9.10300896e-01 -3.91920946e-01 4.99097343e-01 -1.25879576e-01 -4.07785151e-01 -9.04359068e-01 1.58666436e+00
-9.87145839e-01 -7.75357813e-02 1.39748584e-01 -4.03763344e-01 -1.27361002e-01 9.09889449e-01 -3.94814857e-01 5.03170067e-01 -9.65440604e-02 -4.07538729e-01 -9.08070028e-01 1.59222874e+00
-9.90419990e-01 -8.41619877e-02 1.09468898e-01 -3.79436675e-01 -1.21225847e-01 9.09556655e-01 -3.97503951e-01 5.07278064e-01 -6.61139768e-02 -4.06966678e-01 -9.11047086e-01 1.59724852e+00
-9.92535394e-01 -9.24564677e-02 7.95222174e-02 -3.55039223e-01 -1.16743343e-01 9.08872846e-01 -4.00399287e-01 5.11397814e-01 -3.52565699e-02 -4.06694502e-01 -9.12883528e-01 1.60105583e+00
-9.93723784e-01 -9.97636553e-02 5.05845132e-02 -3.31299843e-01 -1.11709958e-01 9.08194469e-01 -4.03363513e-01 5.15113791e-01 -5.70000446e-03 -4.06483050e-01 -9.13640416e-01 1.60417134e+00
-9.93887632e-01 -1.08163541e-01 2.20583239e-02 -3.07658941e-01 -1.07776845e-01 9.07570480e-01 -4.05830516e-01 5.18635828e-01 2.38761767e-02 -4.05727656e-01 -9.13681971e-01 1.60585422e+00
-9.93324024e-01 -1.15239292e-01 -5.07901141e-03 -2.84460082e-01 -1.03096240e-01 9.06681182e-01 -4.09021708e-01 5.21951869e-01 5.17400542e-02 -4.05767821e-01 -9.12510337e-01 1.60614515e+00
-9.92244209e-01 -1.20471223e-01 -3.06049052e-02 -2.61982174e-01 -9.72713525e-02 9.05880191e-01 -4.12210712e-01 5.24691829e-01 7.73835855e-02 -4.06037039e-01 -9.10574220e-01 1.60514709e+00
-9.90815340e-01 -1.23356308e-01 -5.53787161e-02 -2.39950358e-01 -8.94970634e-02 9.05282356e-01 -4.15273990e-01 5.27101562e-01 1.01359756e-01 -4.06503914e-01 -9.08009110e-01 1.60327390e+00
-9.88785266e-01 -1.26246178e-01 -7.97760215e-02 -2.17854602e-01 -8.17778315e-02 9.04706830e-01 -4.18110383e-01 5.29223136e-01 1.24958498e-01 -4.06897770e-01 -9.04886406e-01 1.60068193e+00
-9.86298230e-01 -1.28490600e-01 -1.03463135e-01 -1.95896259e-01 -7.36844222e-02 9.04259251e-01 -4.20576028e-01 5.31128531e-01 1.47597349e-01 -4.07190073e-01 -9.01338492e-01 1.59771825e+00
-9.83203914e-01 -1.31620628e-01 -1.26430828e-01 -1.73532824e-01 -6.66223033e-02 9.03778374e-01 -4.22781953e-01 5.33161831e-01 1.69912089e-01 -4.07258080e-01 -8.97368682e-01 1.59479561e+00
-9.79801759e-01 -1.35289668e-01 -1.47254565e-01 -1.52260804e-01 -6.08933177e-02 9.03277336e-01 -4.24712277e-01 5.35611074e-01 1.90470737e-01 -4.07167326e-01 -8.93272367e-01 1.59304324e+00
-9.76219112e-01 -1.37897683e-01 -1.67269726e-01 -1.31364563e-01 -5.44701394e-02 9.02875542e-01 -4.26435560e-01 5.38127638e-01 2.09828080e-01 -4.07183653e-01 -8.88917069e-01 1.59142894e+00
-9.72395371e-01 -1.39711274e-01 -1.86886892e-01 -1.10627156e-01 -4.73987567e-02 9.02503386e-01 -4.28064732e-01 5.40485733e-01 2.28471431e-01 -4.07390242e-01 -8.84213706e-01 1.58930764e+00
-9.68361772e-01 -1.41093475e-01 -2.05831916e-01 -9.03164568e-02 -4.00989771e-02 9.02077514e-01 -4.29705248e-01 5.42553401e-01 2.46304896e-01 -4.07856784e-01 -8.79196545e-01 1.58645436e+00
-9.63975105e-01 -1.42802943e-01 -2.24405735e-01 -7.04714102e-02 -3.30896319e-02 9.01490235e-01 -4.31530827e-01 5.44376206e-01 2.63923406e-01 -4.08559783e-01 -8.73740926e-01 1.58293179e+00
-9.59149736e-01 -1.44096473e-01 -2.43447444e-01 -4.98254916e-02 -2.53595524e-02 9.00882662e-01 -4.33319486e-01 5.46085241e-01 2.81757373e-01 -4.09444859e-01 -8.67737046e-01 1.57870103e+00
-9.53874704e-01 -1.46151559e-01 -2.62223940e-01 -2.89950498e-02 -1.83949227e-02 9.00302695e-01 -4.34873741e-01 5.47495208e-01 2.99638390e-01 -4.09991788e-01 -8.61465898e-01 1.57387031e+00
-9.48214659e-01 -1.47051260e-01 -2.81537648e-01 -7.93740824e-03 -1.00315629e-02 8.99797088e-01 -4.36191513e-01 5.48512337e-01 3.17469291e-01 -4.10779259e-01 -8.54677450e-01 1.56799915e+00
-9.42414207e-01 -1.47621503e-01 -3.00103322e-01 1.24575454e-02 -1.63452388e-03 8.99336209e-01 -4.37253005e-01 5.49139577e-01 3.34441792e-01 -4.11583232e-01 -8.47789981e-01 1.56149110e+00
-9.36523330e-01 -1.48683226e-01 -3.17515314e-01 3.18412195e-02 5.84490116e-03 8.98877818e-01 -4.38158573e-01 5.49548527e-01 3.50554405e-01 -4.12201888e-01 -8.40952494e-01 1.55480419e+00
-9.30390306e-01 -1.48746996e-01 -3.35032530e-01 5.14424691e-02 1.42180703e-02 8.98637721e-01 -4.38459309e-01 5.49995387e-01 3.66292481e-01 -4.12702138e-01 -8.33970424e-01 1.54844448e+00
-9.23781374e-01 -1.48831311e-01 -3.52811208e-01 7.16463107e-02 2.27229037e-02 8.98443228e-01 -4.38499643e-01 5.50583096e-01 3.82243436e-01 -4.13095052e-01 -8.26584737e-01 1.54222197e+00
-9.16883908e-01 -1.49652433e-01 -3.70035905e-01 9.15242404e-02 3.04092675e-02 8.98170226e-01 -4.38593244e-01 5.51077632e-01 3.97991911e-01 -4.13391955e-01 -8.18968536e-01 1.53572190e+00
-9.08953934e-01 -1.50644556e-01 -3.88725423e-01 1.12328033e-01 3.87393116e-02 8.97874658e-01 -4.38541674e-01 5.51365097e-01 4.15090813e-01 -4.13673486e-01 -8.10292374e-01 1.52833717e+00
-9.00358906e-01 -1.51844114e-01 -4.07793719e-01 1.33210396e-01 4.71385413e-02 8.97591302e-01 -4.38299286e-01 5.51315522e-01 4.32585470e-01 -4.13849798e-01 -8.00998181e-01 1.52011029e+00
-8.91146070e-01 -1.53223874e-01 -4.27059382e-01 1.53970582e-01 5.56065401e-02 8.97269977e-01 -4.37964551e-01 5.51110738e-01 4.50294443e-01 -4.14037987e-01 -7.91079911e-01 1.51145875e+00
-8.81766845e-01 -1.53556025e-01 -4.45989133e-01 1.74612160e-01 6.47820777e-02 8.97139198e-01 -4.36970202e-01 5.50632651e-01 4.67214025e-01 -4.14198255e-01 -7.81121498e-01 1.50262214e+00
-8.71878155e-01 -1.53874194e-01 -4.64919039e-01 1.95319310e-01 7.41581271e-02 8.96921370e-01 -4.35925460e-01 5.50015024e-01 4.84073832e-01 -4.14551735e-01 -7.70596705e-01 1.49325643e+00
-8.61480119e-01 -1.54497013e-01 -4.83715943e-01 2.15760454e-01 8.33135834e-02 8.96676615e-01 -4.34773747e-01 5.49236874e-01 5.00908406e-01 -4.14849387e-01 -7.59598963e-01 1.48359944e+00
-8.50011107e-01 -1.55331605e-01 -5.03340516e-01 2.36521165e-01 9.27813761e-02 8.96446460e-01 -4.33328535e-01 5.48137435e-01 5.18527899e-01 -4.15035013e-01 -7.47579146e-01 1.47309962e+00
-8.37847093e-01 -1.55934104e-01 -5.23158952e-01 2.57449547e-01 1.02454715e-01 8.96389150e-01 -4.31263106e-01 5.46802657e-01 5.36203100e-01 -4.14932973e-01 -7.35062390e-01 1.46231170e+00
-8.25290097e-01 -1.56202234e-01 -5.42674421e-01 2.78592430e-01 1.12363332e-01 8.96344108e-01 -4.28882260e-01 5.45523153e-01 5.53415905e-01 -4.14929334e-01 -7.22194068e-01 1.45156716e+00
-8.12013353e-01 -1.56172466e-01 -5.62354789e-01 2.99367623e-01 1.22631901e-01 8.96369199e-01 -4.26006982e-01 5.43669853e-01 5.70608629e-01 -4.14886330e-01 -7.08713575e-01 1.43983397e+00
-7.98081521e-01 -1.56908415e-01 -5.81759444e-01 3.19704009e-01 1.32173029e-01 8.96394465e-01 -4.23090388e-01 5.41273019e-01 5.87873000e-01 -4.14553860e-01 -6.94658343e-01 1.42695068e+00
-7.83394120e-01 -1.57394011e-01 -6.01264666e-01 3.39744437e-01 1.42103392e-01 8.96419639e-01 -4.19805479e-01 5.38579628e-01 6.05060981e-01 -4.14315207e-01 -6.79885211e-01 1.41359678e+00
-7.68111400e-01 -1.58370046e-01 -6.20421033e-01 3.58951907e-01 1.51508767e-01 8.96463623e-01 -4.16408789e-01 5.35618590e-01 6.22132232e-01 -4.13847866e-01 -6.64591041e-01 1.39977262e+00
-7.52344004e-01 -1.61475869e-01 -6.38672521e-01 3.77893414e-01 1.58075569e-01 8.96916626e-01 -4.12978126e-01 5.32473558e-01 6.39522702e-01 -4.11660406e-01 -6.49265990e-01 1.38574857e+00
-7.36280034e-01 -1.62857788e-01 -6.56785786e-01 3.96000403e-01 1.66523710e-01 8.97147993e-01 -4.09137631e-01 5.28826440e-01 6.55866043e-01 -4.10610562e-01 -6.33433956e-01 1.37064805e+00
-7.20072804e-01 -1.63737400e-01 -6.74302376e-01 4.13237556e-01 1.75424664e-01 8.97237020e-01 -4.05203858e-01 5.24779529e-01 6.71356889e-01 -4.10065852e-01 -6.17353840e-01 1.35480793e+00
-7.03666832e-01 -1.64444949e-01 -6.91237520e-01 4.30006015e-01 1.84363619e-01 8.97271239e-01 -4.01139118e-01 5.20507208e-01 6.86193732e-01 -4.09707648e-01 -6.01063748e-01 1.33860559e+00
-6.87281266e-01 -1.64849974e-01 -7.07437161e-01 4.46700335e-01 1.93368771e-01 8.97243595e-01 -3.96939037e-01 5.16368591e-01 7.00179807e-01 -4.09605341e-01 -5.84783259e-01 1.32279234e+00
-6.70684870e-01 -1.65972035e-01 -7.22933981e-01 4.63153966e-01 2.00898400e-01 8.97566846e-01 -3.92443335e-01 5.12271843e-01 7.14017178e-01 -4.08442387e-01 -5.68642332e-01 1.30727684e+00
-6.54201255e-01 -1.66318483e-01 -7.37805767e-01 4.79624416e-01 2.08784322e-01 8.97900320e-01 -3.87533575e-01 5.08069197e-01 7.26931059e-01 -4.07567511e-01 -5.52684162e-01 1.29173586e+00
-6.37363055e-01 -1.66094143e-01 -7.52449045e-01 4.96048239e-01 2.17190278e-01 8.98178195e-01 -3.82233607e-01 5.03603428e-01 7.39321112e-01 -4.07046486e-01 -5.36392862e-01 1.27569149e+00
-6.19737535e-01 -1.66460556e-01 -7.66951666e-01 5.11987296e-01 2.24752448e-01 8.98671744e-01 -3.76661329e-01 4.99080127e-01 7.51938069e-01 -4.05805698e-01 -5.19529430e-01 1.25972706e+00
-6.01103563e-01 -1.67102336e-01 -7.81504892e-01 5.27670216e-01 2.31721620e-01 8.99441596e-01 -3.70551233e-01 4.94189893e-01 7.64839023e-01 -4.03831516e-01 -5.01937551e-01 1.24320517e+00
-5.82741041e-01 -1.68161700e-01 -7.95068010e-01 5.42186446e-01 2.37950282e-01 9.00167888e-01 -3.64795557e-01 4.89149101e-01 7.77040372e-01 -4.01768263e-01 -4.84551844e-01 1.22633031e+00
-5.64171171e-01 -1.69463301e-01 -8.08079030e-01 5.55918890e-01 2.43654665e-01 9.00951398e-01 -3.59050605e-01 4.83843086e-01 7.88886896e-01 -3.99458475e-01 -4.67001461e-01 1.20890765e+00
-5.45115054e-01 -1.70692060e-01 -8.20799860e-01 5.69408826e-01 2.49289703e-01 9.01765336e-01 -3.53089580e-01 4.78454067e-01 8.00439556e-01 -3.97091651e-01 -4.49015243e-01 1.19128678e+00
-5.26153515e-01 -1.72235217e-01 -8.32764119e-01 5.82339546e-01 2.53979095e-01 9.02751386e-01 -3.47178373e-01 4.72938547e-01 8.11576491e-01 -3.94174044e-01 -4.31242802e-01 1.17346829e+00
-5.07536183e-01 -1.74222236e-01 -8.43831876e-01 5.94143137e-01 2.57206563e-01 9.04056418e-01 -3.41357673e-01 4.67369112e-01 8.22344932e-01 -3.90290696e-01 -4.14031342e-01 1.15586488e+00
-4.89436395e-01 -1.76779700e-01 -8.53931839e-01 6.05382096e-01 2.59711465e-01 9.05250335e-01 -3.36258963e-01 4.62089357e-01 8.32467101e-01 -3.86353470e-01 -3.97151803e-01 1.13833485e+00
-4.70716065e-01 -1.79212396e-01 -8.63891174e-01 6.16599005e-01 2.61623506e-01 9.06761287e-01 -3.30658990e-01 4.56827025e-01 8.42602542e-01 -3.81660920e-01 -3.79941985e-01 1.12095598e+00
-4.53214090e-01 -1.81643210e-01 -8.72697735e-01 6.27705769e-01 2.63019783e-01 9.08179278e-01 -3.25621324e-01 4.52053373e-01 8.51714203e-01 -3.77113139e-01 -3.63824915e-01 1.10446906e+00
-4.33923506e-01 -1.84883768e-01 -8.81774880e-01 6.38671731e-01 2.63298079e-01 9.09966474e-01 -3.20364485e-01 4.47303541e-01 8.61617118e-01 -3.71183516e-01 -3.46177286e-01 1.08766603e+00
-4.14494807e-01 -1.87852547e-01 -8.90451582e-01 6.48902212e-01 2.62866565e-01 9.12041704e-01 -3.14768701e-01 4.42446341e-01 8.71260460e-01 -3.64540131e-01 -3.28657360e-01 1.07082004e+00
-3.94468731e-01 -1.90765609e-01 -8.98889007e-01 6.58563546e-01 2.62412852e-01 9.14092054e-01 -3.09149525e-01 4.37504221e-01 8.80643772e-01 -3.57830035e-01 -3.10522335e-01 1.05344036e+00
-3.73042558e-01 -1.93946000e-01 -9.07316228e-01 6.68315345e-01 2.61621847e-01 9.16236562e-01 -3.03418577e-01 4.32529956e-01 8.90164519e-01 -3.50561970e-01 -2.91055622e-01 1.03554936e+00
-3.51719765e-01 -1.96569425e-01 -9.15233430e-01 6.77745446e-01 2.60825430e-01 9.18406793e-01 -2.97485031e-01 4.27695677e-01 8.99034501e-01 -3.43347673e-01 -2.71752373e-01 1.01812617e+00
-3.30310613e-01 -1.99307629e-01 -9.22588696e-01 6.86990273e-01 2.59965847e-01 9.20434957e-01 -2.91916951e-01 4.23085280e-01 9.07365626e-01 -3.36264969e-01 -2.52217091e-01 1.00078150e+00
-3.09391105e-01 -2.01485239e-01 -9.29343533e-01 6.95266608e-01 2.60208908e-01 9.22056739e-01 -2.86532625e-01 4.18540789e-01 9.14641062e-01 -3.30474238e-01 -2.32848698e-01 9.83405305e-01
-2.87612693e-01 -2.03717345e-01 -9.35829447e-01 7.03260189e-01 2.60552061e-01 9.23619748e-01 -2.81136178e-01 4.13940272e-01 9.21624340e-01 -3.24690759e-01 -2.12566537e-01 9.65453183e-01
-2.65548805e-01 -2.05695358e-01 -9.41898001e-01 7.10807959e-01 2.60727425e-01 9.25247481e-01 -2.75565993e-01 4.09233895e-01 9.28172921e-01 -3.18754965e-01 -1.92068664e-01 9.47286110e-01
-2.43711210e-01 -2.07457037e-01 -9.47399081e-01 7.18250922e-01 2.60820788e-01 9.26845946e-01 -2.70050680e-01 4.04816034e-01 9.34118475e-01 -3.12915837e-01 -1.71774334e-01 9.29803984e-01
-2.21687496e-01 -2.08857156e-01 -9.52487282e-01 7.25778803e-01 2.59555081e-01 9.28914088e-01 -2.64098626e-01 4.00437824e-01 9.39939287e-01 -3.05770333e-01 -1.51719361e-01 9.12841517e-01
-2.00113276e-01 -2.09877553e-01 -9.57029138e-01 7.32592389e-01 2.59277767e-01 9.30620229e-01 -2.58300752e-01 3.96384273e-01 9.44843800e-01 -2.99825820e-01 -1.31813510e-01 8.96610493e-01
-1.78429928e-01 -2.10852961e-01 -9.61094398e-01 7.38666879e-01 2.59207674e-01 9.32193671e-01 -2.52635252e-01 3.92332782e-01 9.49196637e-01 -2.94200759e-01 -1.11677141e-01 8.80306973e-01
-1.56445212e-01 -2.11726751e-01 -9.64725537e-01 7.43959975e-01 2.60103990e-01 9.33442472e-01 -2.47041132e-01 3.88237251e-01 9.52822654e-01 -2.89577371e-01 -9.09621905e-02 8.63632584e-01
-1.34907312e-01 -2.12638856e-01 -9.67772423e-01 7.48217219e-01 2.61541545e-01 9.34420482e-01 -2.41769763e-01 3.84228024e-01 9.55717670e-01 -2.85729193e-01 -7.04467857e-02 8.47299057e-01
-1.14243736e-01 -2.13254120e-01 -9.70293669e-01 7.51674713e-01 2.63051567e-01 9.35333962e-01 -2.36542778e-01 3.80261280e-01 9.57994030e-01 -2.82260769e-01 -5.07597063e-02 8.31576642e-01
-9.40066376e-02 -2.13644751e-01 -9.72377213e-01 7.55172716e-01 2.64906225e-01 9.36123840e-01 -2.31289924e-01 3.76457494e-01 9.59681071e-01 -2.79331520e-01 -3.14064903e-02 8.16330956e-01
-7.40665621e-02 -2.13586428e-01 -9.74111786e-01 7.58374052e-01 2.67005064e-01 9.36885458e-01 -2.25725953e-01 3.72582189e-01 9.60844842e-01 -2.76811482e-01 -1.23636508e-02 8.01346099e-01
-5.47315688e-02 -2.13601692e-01 -9.75385863e-01 7.61246940e-01 2.68952524e-01 9.37592207e-01 -2.20417003e-01 3.68823812e-01 9.61597333e-01 -2.74396199e-01 6.13243027e-03 7.86645272e-01
-3.65630678e-02 -2.13553515e-01 -9.76246266e-01 7.64077666e-01 2.71021306e-01 9.38168145e-01 -2.15374570e-01 3.65330576e-01 9.61878875e-01 -2.72458246e-01 2.35748864e-02 7.72731960e-01
-1.92707166e-02 -2.13103044e-01 -9.76839001e-01 7.66565858e-01 2.72882736e-01 9.38804471e-01 -2.10189054e-01 3.61972067e-01 9.61854512e-01 -2.70612944e-01 4.00603739e-02 7.59823494e-01
-2.53137743e-03 -2.12611439e-01 -9.77132840e-01 7.68859624e-01 2.74676125e-01 9.39403844e-01 -2.05113800e-01 3.58669364e-01 9.61533689e-01 -2.68914244e-01 5.60209961e-02 7.47191326e-01
1.34826682e-02 -2.12149304e-01 -9.77143563e-01 7.70813300e-01 2.76618086e-01 9.39884759e-01 -2.00243303e-01 3.55392173e-01 9.60885606e-01 -2.67595725e-01 7.13562097e-02 7.34800286e-01
2.85945012e-02 -2.11399296e-01 -9.76980759e-01 7.72283583e-01 2.78094011e-01 9.40476516e-01 -1.95361284e-01 3.52158601e-01 9.60128432e-01 -2.66106193e-01 8.56810809e-02 7.23122532e-01
4.27644286e-02 -2.10696017e-01 -9.76615122e-01 7.73638246e-01 2.79689064e-01 9.40949124e-01 -1.90754343e-01 3.49095152e-01 9.59138041e-01 -2.64991029e-01 9.91682902e-02 7.12029965e-01
5.61548643e-02 -2.10297051e-01 -9.76022780e-01 7.74846367e-01 2.81243225e-01 9.41311473e-01 -1.86636979e-01 3.46252835e-01 9.57992374e-01 -2.64019180e-01 1.12003633e-01 7.01424619e-01
6.85348185e-02 -2.09963766e-01 -9.75303495e-01 7.75937653e-01 2.82347026e-01 9.41715925e-01 -1.82892520e-01 3.43660676e-01 9.56861315e-01 -2.62839500e-01 1.23822795e-01 6.91665401e-01
7.97589958e-02 -2.09537213e-01 -9.74541608e-01 7.77054494e-01 2.83247135e-01 9.42120250e-01 -1.79384684e-01 3.41247464e-01 9.55724832e-01 -2.61728545e-01 1.34493224e-01 6.82596669e-01
8.98740232e-02 -2.09008800e-01 -9.73774456e-01 7.77862803e-01 2.83867499e-01 9.42551671e-01 -1.76107895e-01 3.38992964e-01 9.54642476e-01 -2.60595368e-01 1.44041578e-01 6.74355056e-01
9.97036044e-02 -2.08361368e-01 -9.72956030e-01 7.78562094e-01 2.84102656e-01 9.43083571e-01 -1.72850799e-01 3.36856768e-01 9.53595936e-01 -2.59185510e-01 1.53224733e-01 6.66615393e-01
1.08656376e-01 -2.07884084e-01 -9.72099117e-01 7.79200850e-01 2.84482363e-01 9.43492877e-01 -1.69968700e-01 3.34916618e-01 9.52504051e-01 -2.58076836e-01 1.61655762e-01 6.59456247e-01
1.16624770e-01 -2.07503463e-01 -9.71256778e-01 7.79866060e-01 2.85010660e-01 9.43790407e-01 -1.67412557e-01 3.33195732e-01 9.51403154e-01 -2.57294040e-01 1.69209949e-01 6.52893161e-01
1.23920224e-01 -2.07290464e-01 -9.70398440e-01 7.80352320e-01 2.85292170e-01 9.44088428e-01 -1.65238474e-01 3.31608041e-01 9.50395946e-01 -2.56370656e-01 1.76129922e-01 6.46755143e-01
1.30578737e-01 -2.07098679e-01 -9.69565889e-01 7.80930104e-01 2.85802172e-01 9.44287296e-01 -1.63208168e-01 3.30218056e-01 9.49350609e-01 -2.55792485e-01 1.82493040e-01 6.41070344e-01
1.36688252e-01 -2.06925091e-01 -9.68760547e-01 7.81425598e-01 2.85977132e-01 9.44544630e-01 -1.61402507e-01 3.28937441e-01 9.48437466e-01 -2.54981501e-01 1.88283960e-01 6.35803545e-01
1.41487435e-01 -2.07100330e-01 -9.68033822e-01 7.81820204e-01 2.86271300e-01 9.44650647e-01 -1.60256573e-01 3.27991714e-01 9.47644580e-01 -2.54445973e-01 1.92943052e-01 6.31228051e-01
1.45526299e-01 -2.07230659e-01 -9.67406983e-01 7.82244513e-01 2.86373916e-01 9.44780497e-01 -1.59304896e-01 3.27171304e-01 9.47001769e-01 -2.53857025e-01 1.96835840e-01 6.27160081e-01
1.49016847e-01 -2.07184646e-01 -9.66885335e-01 7.82764390e-01 2.86527924e-01 9.44900387e-01 -1.58313997e-01 3.26423708e-01 9.46412216e-01 -2.53448139e-01 2.00170234e-01 6.23589786e-01
1.52000215e-01 -2.07004406e-01 -9.66459429e-01 7.83439053e-01 2.86678170e-01 9.45019976e-01 -1.57325042e-01 3.25795011e-01 9.45892120e-01 -2.53149327e-01 2.02986860e-01 6.20558328e-01
1.54630588e-01 -2.06728394e-01 -9.66101119e-01 7.84178786e-01 2.86823162e-01 9.45140200e-01 -1.56335378e-01 3.25272064e-01 9.45421698e-01 -2.52925904e-01 2.05442050e-01 6.18041840e-01
1.56754137e-01 -2.06407173e-01 -9.65827563e-01 7.85011629e-01 2.86957075e-01 9.45247880e-01 -1.55435971e-01 3.24859229e-01 9.45031258e-01 -2.52785775e-01 2.07401501e-01 6.15983784e-01
1.58074244e-01 -2.06070039e-01 -9.65684424e-01 7.85960871e-01 2.86934040e-01 9.45364866e-01 -1.54765491e-01 3.24623551e-01 9.44818338e-01 -2.52623234e-01 2.08566346e-01 6.14559788e-01
1.59042148e-01 -2.05738290e-01 -9.65596276e-01 7.87077434e-01 2.86842443e-01 9.45483861e-01 -1.54207642e-01 3.24501030e-01 9.44683766e-01 -2.52448406e-01 2.09386249e-01 6.13408223e-01
1.59549044e-01 -2.05490891e-01 -9.65565320e-01 7.88158301e-01 2.86680088e-01 9.45588309e-01 -1.53868801e-01 3.24511083e-01 9.44647613e-01 -2.52258651e-01 2.09777836e-01 6.12646610e-01
