1.00000000e+00 0.00000000e+00 0.00000000e+00 0.00000000e+00 0.00000000e+00 1.00000000e+00 0.00000000e+00 0.00000000e+00 0.00000000e+00 0.00000000e+00 1.00000000e+00 0.00000000e+00
9.99999226e-01 7.16199444e-04 1.01790403e-03 -4.08032409e-04 -7.17873871e-04 9.99998386e-01 1.64555043e-03 -6.18059108e-04 -1.01672388e-03 -1.64627999e-03 9.99998163e-01 -1.76545219e-03
9.99996672e-01 1.25796108e-03 2.26554770e-03 -9.75386211e-04 -1.26604364e-03 9.99992849e-01 3.56970187e-03 -1.30763594e-03 -2.26104096e-03 -3.57255842e-03 9.99991091e-01 -3.53542402e-03
9.99991012e-01 1.87505768e-03 3.80831422e-03 -1.79947255e-03 -1.89741064e-03 9.99980972e-01 5.87441650e-03 -2.13271719e-03 -3.79722689e-03 -5.88158986e-03 9.99975550e-01 -5.38916367e-03
9.99983682e-01 2.23572003e-03 5.26334279e-03 -2.58419769e-03 -2.27774026e-03 9.99965512e-01 7.99115731e-03 -2.88653931e-03 -5.24529509e-03 -8.00301544e-03 9.99954314e-01 -7.31682501e-03
9.99977510e-01 2.13175805e-03 6.36299529e-03 -3.10333175e-03 -2.19869607e-03 9.99942143e-01 1.05315002e-02 -3.70798767e-03 -6.34017654e-03 -1.05452539e-02 9.99924375e-01 -9.01286460e-03
9.99967151e-01 1.89072677e-03 7.88071681e-03 -3.91119970e-03 -1.99621855e-03 9.99908209e-01 1.33997627e-02 -4.59743106e-03 -7.85465854e-03 -1.34150551e-02 9.99879220e-01 -1.06584077e-02
9.99947335e-01 2.02552820e-03 1.00608946e-02 -5.11189451e-03 -2.19024283e-03 9.99863273e-01 1.63878156e-02 -5.59314518e-03 -1.00263257e-02 -1.64089891e-02 9.99815161e-01 -1.23139022e-02
9.99931593e-01 1.64944403e-03 1.15786007e-02 -5.94519958e-03 -1.87221945e-03 9.99812787e-01 1.92558667e-02 -6.52337050e-03 -1.15446727e-02 -1.92762285e-02 9.99747589e-01 -1.38487220e-02
9.99910378e-01 6.52397992e-04 1.33729481e-02 -7.00884946e-03 -9.53566552e-04 9.99745762e-01 2.25267277e-02 -7.52149667e-03 -1.33548529e-02 -2.25374623e-02 9.99656854e-01 -1.52364564e-02
9.99878805e-01 3.83806876e-04 1.55623687e-02 -8.41702781e-03 -7.86593428e-04 9.99664605e-01 2.58842207e-02 -8.54068616e-03 -1.55472155e-02 -2.58933270e-02 9.99543871e-01 -1.67182655e-02
9.99854418e-01 5.60323715e-04 1.70524072e-02 -9.38497935e-03 -1.05243699e-03 9.99582772e-01 2.88635909e-02 -9.53769105e-03 -1.70291198e-02 -2.88773369e-02 9.99438010e-01 -1.80749298e-02
9.99826372e-01 3.72418724e-04 1.86293000e-02 -1.04415229e-02 -9.78831466e-04 9.99469466e-01 3.25530315e-02 -1.07162880e-02 -1.86072947e-02 -3.25656158e-02 9.99296478e-01 -1.93686845e-02
9.99789153e-01 6.47468754e-04 2.05228200e-02 -1.16701585e-02 -1.39540754e-03 9.99334419e-01 3.64509057e-02 -1.19603022e-02 -2.04855609e-02 -3.64718602e-02 9.99124804e-01 -2.05645723e-02
9.99736794e-01 8.42848296e-04 2.29257633e-02 -1.32354783e-02 -1.75831403e-03 9.99200493e-01 3.99409498e-02 -1.31451118e-02 -2.28737702e-02 -3.99707523e-02 9.98939122e-01 -2.20230518e-02
9.99676040e-01 3.32308603e-04 2.54478183e-02 -1.49457302e-02 -1.46660680e-03 9.99005250e-01 4.45678139e-02 -1.44690402e-02 -2.54076952e-02 -4.45907038e-02 9.98682282e-01 -2.31318254e-02
9.99614149e-01 4.81511720e-04 2.77711139e-02 -1.66017264e-02 -1.82442229e-03 9.98828742e-01 4.83513423e-02 -1.57454918e-02 -2.77153052e-02 -4.83833602e-02 9.98444347e-01 -2.44632612e-02
9.99547323e-01 3.34205833e-04 3.00827830e-02 -1.82049453e-02 -1.91729208e-03 9.98613272e-01 5.26108851e-02 -1.70210816e-02 -3.00234836e-02 -5.26447547e-02 9.98161990e-01 -2.54346991e-02
9.99487650e-01 5.24633914e-04 3.20018971e-02 -1.97977483e-02 -2.36162503e-03 9.98348984e-01 5.73918297e-02 -1.84598765e-02 -3.19189508e-02 -5.74380088e-02 9.97838840e-01 -2.67491802e-02
9.99425402e-01 1.36271932e-03 3.38668416e-02 -2.13141545e-02 -3.44347670e-03 9.98103856e-01 6.14572497e-02 -1.97338727e-02 -3.37188735e-02 -6.15385645e-02 9.97535156e-01 -2.82268150e-02
9.99369922e-01 2.57166564e-03 3.53990195e-02 -2.26162945e-02 -4.90077282e-03 9.97816450e-01 6.58672138e-02 -2.10661488e-02 -3.51523340e-02 -6.59992072e-02 9.97200416e-01 -2.92080390e-02
9.99301253e-01 2.97795816e-03 3.72579734e-02 -2.41357626e-02 -5.59715515e-03 9.97503675e-01 7.03935119e-02 -2.24737591e-02 -3.69553368e-02 -7.05528728e-02 9.96823376e-01 -3.01720957e-02
9.99228063e-01 2.46068838e-03 3.92086573e-02 -2.57951269e-02 -5.42017088e-03 9.97127044e-01 7.55539017e-02 -2.40153317e-02 -3.89101007e-02 -7.57081020e-02 9.96370680e-01 -3.11978735e-02
9.99171141e-01 3.43291306e-03 4.05632157e-02 -2.70471520e-02 -6.70006830e-03 9.96717154e-01 8.06856798e-02 -2.54884144e-02 -4.01530686e-02 -8.08905853e-02 9.95913993e-01 -3.20084299e-02
9.99103182e-01 3.82692331e-03 4.21694659e-02 -2.85964002e-02 -7.45582627e-03 9.96246766e-01 8.62372472e-02 -2.69905115e-02 -4.16811755e-02 -8.64743240e-02 9.95381858e-01 -3.31355649e-02
9.99056046e-01 3.39673138e-03 4.33066361e-02 -2.98083967e-02 -7.36676380e-03 9.95746034e-01 9.18456823e-02 -2.84451514e-02 -4.28104397e-02 -9.20780266e-02 9.94831164e-01 -3.36597539e-02
9.99032046e-01 3.54002196e-03 4.38457815e-02 -3.07526285e-02 -7.83900106e-03 9.95129205e-01 9.82679190e-02 -3.00638945e-02 -4.32843486e-02 -9.85165230e-02 9.94193705e-01 -3.41757164e-02
9.98968122e-01 3.83439376e-03 4.52551204e-02 -3.22488760e-02 -8.53627092e-03 9.94523342e-01 1.04166510e-01 -3.14572962e-02 -4.46078598e-02 -1.04445350e-01 9.93529790e-01 -3.47554003e-02
9.98918643e-01 3.25462572e-03 4.63788324e-02 -3.36162731e-02 -8.36048839e-03 9.93860380e-01 1.10326271e-01 -3.28962403e-02 -4.57350148e-02 -1.10594738e-01 9.92812785e-01 -3.53555581e-02
9.98867405e-01 3.04029175e-03 4.74838084e-02 -3.50504696e-02 -8.53250348e-03 9.93224893e-01 1.15895194e-01 -3.41191528e-02 -4.68097490e-02 -1.16169106e-01 9.92125827e-01 -3.59853708e-02
9.98814904e-01 3.23327313e-03 4.85627625e-02 -3.64959036e-02 -9.12876596e-03 9.92528217e-01 1.21674127e-01 -3.53551506e-02 -4.78065105e-02 -1.21973273e-01 9.91381392e-01 -3.67250044e-02
9.98760972e-01 3.63392463e-03 4.96317493e-02 -3.79365906e-02 -9.93025883e-03 9.91825985e-01 1.27211572e-01 -3.64692033e-02 -4.87637868e-02 -1.27546837e-01 9.90633052e-01 -3.74224787e-02
9.98703487e-01 4.17318094e-03 5.07343550e-02 -3.94405791e-02 -1.08935865e-02 9.91067137e-01 1.32918979e-01 -3.76071793e-02 -4.97264628e-02 -1.33299351e-01 9.89827521e-01 -3.80505471e-02
9.98633198e-01 4.47753140e-03 5.20749396e-02 -4.10275796e-02 -1.16486716e-02 9.90331263e-01 1.38233654e-01 -3.86568605e-02 -5.09524992e-02 -1.38651336e-01 9.89029668e-01 -3.89044099e-02
9.98588653e-01 5.05698026e-03 5.28704734e-02 -4.23557414e-02 -1.26396724e-02 9.89484195e-01 1.44088531e-01 -3.98787408e-02 -5.15858512e-02 -1.44553452e-01 9.88151403e-01 -3.96304553e-02
9.98562828e-01 5.75773573e-03 5.32846240e-02 -4.33750067e-02 -1.37236534e-02 9.88535265e-01 1.50366149e-01 -4.12055137e-02 -5.18079644e-02 -1.50881324e-01 9.87193390e-01 -4.01390644e-02
9.98521390e-01 7.32428401e-03 5.38649249e-02 -4.45556024e-02 -1.56509764e-02 9.87659570e-01 1.55833047e-01 -4.22971515e-02 -5.20588432e-02 -1.56445694e-01 9.86313666e-01 -4.06884788e-02
9.98461029e-01 8.50496450e-03 5.48024932e-02 -4.58729480e-02 -1.72379529e-02 9.86817816e-01 1.60915564e-01 -4.32916767e-02 -5.27114931e-02 -1.61612622e-01 9.85445563e-01 -4.10753663e-02
9.98403955e-01 9.61290095e-03 5.56518385e-02 -4.72432316e-02 -1.87427528e-02 9.85957709e-01 1.65941074e-01 -4.42574040e-02 -5.32751816e-02 -1.66719320e-01 9.84564102e-01 -4.16691975e-02
9.98343567e-01 1.09313797e-02 5.64852158e-02 -4.85730235e-02 -2.04402775e-02 9.85124620e-01 1.70622539e-01 -4.51096305e-02 -5.37798312e-02 -1.71494517e-01 9.83716139e-01 -4.22657000e-02
9.98280260e-01 1.21677389e-02 5.73448279e-02 -4.97922601e-02 -2.20813919e-02 9.84220600e-01 1.75563903e-01 -4.60894722e-02 -5.43037374e-02 -1.76528269e-01 9.82796493e-01 -4.26105596e-02
9.98204058e-01 1.29136206e-02 5.84965076e-02 -5.11185763e-02 -2.33048161e-02 9.83278143e-01 1.80613931e-01 -4.71819484e-02 -5.51859512e-02 -1.81652844e-01 9.81813019e-01 -4.28424713e-02
9.98145668e-01 1.36609985e-02 5.93180755e-02 -5.22582139e-02 -2.44904223e-02 9.82266731e-01 1.85883764e-01 -4.82767944e-02 -5.57268066e-02 -1.86991826e-01 9.80779629e-01 -4.29854353e-02
9.98098173e-01 1.38388242e-02 6.00713362e-02 -5.32882681e-02 -2.50968675e-02 9.81283307e-01 1.90928544e-01 -4.93498162e-02 -5.63047649e-02 -1.92073059e-01 9.79764169e-01 -4.31426468e-02
9.98039404e-01 1.42124025e-02 6.09545311e-02 -5.43103750e-02 -2.59304620e-02 9.80258933e-01 1.96011506e-01 -5.05125140e-02 -5.69654221e-02 -1.97207799e-01 9.78705356e-01 -4.32086760e-02
9.97972436e-01 1.52586845e-02 6.17924660e-02 -5.54033667e-02 -2.73865334e-02 9.79315928e-01 2.00476450e-01 -5.15004141e-02 -5.74553306e-02 -2.01762264e-01 9.77747946e-01 -4.34209811e-02
9.97886340e-01 1.61151020e-02 6.29542178e-02 -5.65902822e-02 -2.86858245e-02 9.78504980e-01 2.04219646e-01 -5.22892332e-02 -5.83099842e-02 -2.05593905e-01 9.76898805e-01 -4.33484640e-02
9.97813594e-01 1.70507183e-02 6.38545535e-02 -5.77261627e-02 -3.00263296e-02 9.77636342e-01 2.08149297e-01 -5.29286904e-02 -5.88774266e-02 -2.09611527e-01 9.76010576e-01 -4.31650492e-02
9.97751258e-01 1.77472302e-02 6.46341234e-02 -5.87649510e-02 -3.11117186e-02 9.76759335e-01 2.12070450e-01 -5.37268828e-02 -5.93683065e-02 -2.13604453e-01 9.75114740e-01 -4.28472080e-02
9.97649574e-01 1.82796259e-02 6.60398665e-02 -6.01217709e-02 -3.21634585e-02 9.75917893e-01 2.15755284e-01 -5.44275163e-02 -6.05055492e-02 -2.17372254e-01 9.74211762e-01 -4.25717129e-02
9.97550799e-01 1.84463898e-02 6.74700341e-02 -6.14843909e-02 -3.28654790e-02 9.75098129e-01 2.19326215e-01 -5.50257326e-02 -6.17441163e-02 -2.21006483e-01 9.73315975e-01 -4.23202548e-02
9.97477289e-01 1.79750807e-02 6.86732505e-02 -6.27402953e-02 -3.29248024e-02 9.74208679e-01 2.23234863e-01 -5.56864432e-02 -6.28894047e-02 -2.24932760e-01 9.72342703e-01 -4.18667089e-02
9.97409375e-01 1.83961717e-02 6.95426993e-02 -6.38602794e-02 -3.37250019e-02 9.73502568e-01 2.26176341e-01 -5.61416209e-02 -6.35392097e-02 -2.27935719e-01 9.71600886e-01 -4.16612727e-02
9.97374453e-01 1.84364382e-02 7.00318593e-02 -6.47407324e-02 -3.40956386e-02 9.72709791e-01 2.29507163e-01 -5.67108422e-02 -6.38893738e-02 -2.31292338e-01 9.70784346e-01 -4.11167834e-02
9.97358966e-01 1.83856734e-02 7.02649270e-02 -6.55110598e-02 -3.43133331e-02 9.71935145e-01 2.32733876e-01 -5.72670274e-02 -6.40139739e-02 -2.34530224e-01 9.69998986e-01 -4.05733554e-02
9.97351210e-01 1.86608743e-02 7.03026559e-02 -6.61193169e-02 -3.47576347e-02 9.71308582e-01 2.35269934e-01 -5.76046591e-02 -6.38952225e-02 -2.37090289e-01 9.69384252e-01 -4.01439993e-02
9.97355739e-01 1.88475098e-02 7.01882238e-02 -6.66332288e-02 -3.50744958e-02 9.70695521e-01 2.37740117e-01 -5.79588283e-02 -6.36505777e-02 -2.39573274e-01 9.68789685e-01 -3.95372127e-02
9.97365819e-01 1.87214283e-02 7.00784767e-02 -6.71246364e-02 -3.50634059e-02 9.70178142e-01 2.39844278e-01 -5.81960786e-02 -6.34983730e-02 -2.41669668e-01 9.68278824e-01 -3.88530429e-02
9.97389558e-01 1.87339683e-02 6.97361923e-02 -6.75180543e-02 -3.50892773e-02 9.69809147e-01 2.41328116e-01 -5.81783622e-02 -6.31097602e-02 -2.43145133e-01 9.67934762e-01 -3.82331275e-02
9.97403427e-01 1.96451730e-02 6.92854735e-02 -6.78813669e-02 -3.59396701e-02 9.69489872e-01 2.42483080e-01 -5.81622655e-02 -6.24079359e-02 -2.44343547e-01 9.67678482e-01 -3.75616565e-02
9.97397187e-01 1.97536229e-02 6.93442870e-02 -6.83726137e-02 -3.60836077e-02 9.69391051e-01 2.42856402e-01 -5.78416949e-02 -6.24244326e-02 -2.44726479e-01 9.67580627e-01 -3.67356897e-02
9.97386587e-01 2.08477044e-02 6.91763929e-02 -6.88220686e-02 -3.71289203e-02 9.69260624e-01 2.43219213e-01 -5.76085390e-02 -6.19793875e-02 -2.45152028e-01 9.67501486e-01 -3.62299281e-02
9.97379389e-01 2.12533968e-02 6.91563783e-02 -6.93220457e-02 -3.75203773e-02 9.69237143e-01 2.43252614e-01 -5.72220999e-02 -6.18589823e-02 -2.45209920e-01 9.67494519e-01 -3.56278260e-02
9.97361745e-01 2.26268965e-02 6.89743718e-02 -6.97766403e-02 -3.88241868e-02 9.69130618e-01 2.43472176e-01 -5.70693919e-02 -6.13361550e-02 -2.45507719e-01 9.67452239e-01 -3.53416908e-02
9.97343578e-01 2.35558552e-02 6.89258100e-02 -7.02413777e-02 -3.96556958e-02 9.69331949e-01 2.42534858e-01 -5.65521450e-02 -6.10988719e-02 -2.44623895e-01 9.67691113e-01 -3.50496074e-02
9.97399142e-01 2.44417138e-02 6.78043661e-02 -7.02515730e-02 -4.01853803e-02 9.69535421e-01 2.41632780e-01 -5.59283920e-02 -5.98328134e-02 -2.43729088e-01 9.67995953e-01 -3.46835620e-02
9.97406328e-01 2.50954063e-02 6.74593797e-02 -7.06456647e-02 -4.06625371e-02 9.69814819e-01 2.40428741e-01 -5.52329045e-02 -5.93894487e-02 -2.42548229e-01 9.68319805e-01 -3.41852063e-02
9.97418064e-01 2.62753117e-02 6.68337149e-02 -7.09348527e-02 -4.15814966e-02 9.70086355e-01 2.39172927e-01 -5.46534170e-02 -5.85501286e-02 -2.41334454e-01 9.68674150e-01 -3.40219901e-02
9.97513372e-01 2.68553527e-02 6.51601162e-02 -7.07697605e-02 -4.16199463e-02 9.70587793e-01 2.37123207e-01 -5.37863024e-02 -5.68755827e-02 -2.39245541e-01 9.69291904e-01 -3.37015133e-02
9.97570528e-01 2.78322404e-02 6.38627527e-02 -7.07370252e-02 -4.21269522e-02 9.71126840e-01 2.34815616e-01 -5.27989582e-02 -5.54833825e-02 -2.36935485e-01 9.69939848e-01 -3.34276792e-02
9.97616353e-01 2.82559205e-02 6.29547845e-02 -7.08578587e-02 -4.21975399e-02 9.71662753e-01 2.32575343e-01 -5.18317612e-02 -5.45991832e-02 -2.34677507e-01 9.70538786e-01 -3.29808158e-02
9.97689691e-01 2.89573777e-02 6.14557767e-02 -7.07504543e-02 -4.23792735e-02 9.72301392e-01 2.29857458e-01 -5.08511534e-02 -5.30974595e-02 -2.31930870e-01 9.71282107e-01 -3.29082546e-02
9.97754326e-01 2.98472706e-02 5.99627683e-02 -7.05938115e-02 -4.27805306e-02 9.72810035e-01 2.27620226e-01 -4.99398652e-02 -5.15385310e-02 -2.29674309e-01 9.71902107e-01 -3.27170400e-02
9.97811033e-01 3.10364287e-02 5.83950504e-02 -7.03440612e-02 -4.34302344e-02 9.73455081e-01 2.24721159e-01 -4.88601379e-02 -4.98704059e-02 -2.26765378e-01 9.72671894e-01 -3.27205319e-02
9.97903736e-01 3.16166478e-02 5.64671990e-02 -6.99376465e-02 -4.34143083e-02 9.74124100e-01 2.21806065e-01 -4.78476989e-02 -4.79932871e-02 -2.23792608e-01 9.73454493e-01 -3.27804609e-02
9.98001921e-01 3.21324829e-02 5.44029152e-02 -6.95580853e-02 -4.33360587e-02 9.74696959e-01 2.19290510e-01 -4.69512044e-02 -4.59799984e-02 -2.21209981e-01 9.74141747e-01 -3.28234735e-02
9.98058996e-01 3.31790920e-02 5.27009309e-02 -6.93155776e-02 -4.38718951e-02 9.75210657e-01 2.16886911e-01 -4.61326913e-02 -4.41983902e-02 -2.18778048e-01 9.74773212e-01 -3.29269035e-02
9.98157651e-01 3.41464302e-02 5.01531038e-02 -6.86869822e-02 -4.41571688e-02 9.75723310e-01 2.14510200e-01 -4.52684223e-02 -4.16107892e-02 -2.16329643e-01 9.75433297e-01 -3.30140348e-02
9.98220505e-01 3.56231669e-02 4.78210777e-02 -6.82309411e-02 -4.50151747e-02 9.76121349e-01 2.12511756e-01 -4.44259456e-02 -3.91088271e-02 -2.14286291e-01 9.75987710e-01 -3.29905746e-02
9.98292233e-01 3.75585524e-02 4.47430633e-02 -6.73371683e-02 -4.61698322e-02 9.76523641e-01 2.10405257e-01 -4.35688657e-02 -3.57901378e-02 -2.12111750e-01 9.76589837e-01 -3.30755956e-02
9.98351400e-01 3.94377362e-02 4.17025365e-02 -6.65163793e-02 -4.73033463e-02 9.76848897e-01 2.08636186e-01 -4.28954117e-02 -3.25089341e-02 -2.10264935e-01 9.77103813e-01 -3.32284042e-02
9.98406355e-01 4.12554076e-02 3.85047835e-02 -6.55726055e-02 -4.83504102e-02 9.77214394e-01 2.06675246e-01 -4.20937467e-02 -2.91009542e-02 -2.08207649e-01 9.77651615e-01 -3.32580752e-02
9.98426826e-01 4.34343661e-02 3.54574944e-02 -6.46876756e-02 -4.98050153e-02 9.77485890e-01 2.05039641e-01 -4.13038396e-02 -2.57534307e-02 -2.06483094e-01 9.78111167e-01 -3.31566486e-02
9.98416421e-01 4.60152069e-02 3.23589442e-02 -6.38016079e-02 -5.16692016e-02 9.77593839e-01 2.04061179e-01 -4.07317383e-02 -2.22439854e-02 -2.05410050e-01 9.78423135e-01 -3.31720259e-02
9.98367556e-01 4.91555951e-02 2.90835950e-02 -6.28270115e-02 -5.40578710e-02 9.77609153e-01 2.03368083e-01 -4.02498714e-02 -1.84357074e-02 -2.04608350e-01 9.78670281e-01 -3.30889944e-02
9.98294463e-01 5.25281635e-02 2.54737294e-02 -6.16942490e-02 -5.66063334e-02 9.77681082e-01 2.02326477e-01 -3.96008794e-02 -1.42773427e-02 -2.03423429e-01 9.78986786e-01 -3.28034852e-02
9.98169389e-01 5.63317918e-02 2.20141346e-02 -6.05867317e-02 -5.96228919e-02 9.77595746e-01 2.01871996e-01 -3.90935917e-02 -1.01491111e-02 -2.02815038e-01 9.79164536e-01 -3.26768415e-02
9.98003853e-01 6.02831540e-02 1.88210233e-02 -5.96394351e-02 -6.28437470e-02 9.77442929e-01 2.01635002e-01 -3.86426964e-02 -6.24128080e-03 -2.02415349e-01 9.79279937e-01 -3.26776117e-02
9.97837520e-01 6.39911958e-02 1.50108271e-02 -5.83848433e-02 -6.57036595e-02 9.77347196e-01 2.01186841e-01 -3.81474081e-02 -1.79660271e-03 -2.01738113e-01 9.79437874e-01 -3.25075596e-02
9.97597053e-01 6.83681276e-02 1.12189293e-02 -5.70725943e-02 -6.92270188e-02 9.77163298e-01 2.00898550e-01 -3.75518371e-02 2.77233135e-03 -2.01192519e-01 9.79547853e-01 -3.23728816e-02
9.97318513e-01 7.27909481e-02 7.56458086e-03 -5.58181334e-02 -7.28236095e-02 9.76874910e-01 2.01029482e-01 -3.70306565e-02 7.24347635e-03 -2.01041368e-01 9.79556019e-01 -3.22455661e-02
9.97025882e-01 7.69978096e-02 3.25683959e-03 -5.42950176e-02 -7.60753599e-02 9.76565976e-01 2.01325900e-01 -3.66657778e-02 1.23211329e-02 -2.00974973e-01 9.79518910e-01 -3.20907300e-02
9.96705030e-01 8.11022616e-02 -1.14732272e-03 -5.27370731e-02 -7.92034755e-02 9.76224683e-01 2.01774188e-01 -3.63185069e-02 1.74843855e-02 -2.01018559e-01 9.79431379e-01 -3.19762311e-02
9.96299000e-01 8.58122500e-02 -4.93320939e-03 -5.14859471e-02 -8.30547568e-02 9.75888321e-01 2.01852500e-01 -3.58883715e-02 2.21356772e-02 -2.00695796e-01 9.79403472e-01 -3.20898038e-02
9.95891891e-01 9.00813348e-02 -9.18651903e-03 -5.00024140e-02 -8.63850138e-02 9.75608089e-01 2.01809166e-01 -3.53047889e-02 2.71416810e-02 -2.00186622e-01 9.79381696e-01 -3.19387491e-02
9.95435114e-01 9.44965618e-02 -1.33775410e-02 -4.85242335e-02 -8.98771308e-02 9.75322633e-01 2.01663664e-01 -3.46813097e-02 3.21039420e-02 -1.99540850e-01 9.79363356e-01 -3.20448871e-02
9.94937720e-01 9.89813554e-02 -1.73597588e-02 -4.71424540e-02 -9.34680069e-02 9.74932294e-01 2.01918727e-01 -3.41808123e-02 3.69107798e-02 -1.99274058e-01 9.79248324e-01 -3.20917828e-02
9.94356052e-01 1.04147926e-01 -2.02222043e-02 -4.62424858e-02 -9.79295988e-02 9.74338387e-01 2.02669346e-01 -3.38830176e-02 4.08108631e-02 -1.99545218e-01 9.79038320e-01 -3.23915657e-02
9.93749432e-01 1.09130627e-01 -2.35001751e-02 -4.51300300e-02 -1.02132107e-01 9.73787056e-01 2.03243871e-01 -3.34702211e-02 4.50643014e-02 -1.99573432e-01 9.78845993e-01 -3.26838751e-02
9.93115145e-01 1.14126454e-01 -2.64041601e-02 -4.41562032e-02 -1.06420276e-01 9.73209790e-01 2.03808229e-01 -3.30681324e-02 4.89566993e-02 -1.99595177e-01 9.78654621e-01 -3.28737968e-02
9.92392128e-01 1.19491777e-01 -2.96525816e-02 -4.29978266e-02 -1.10978993e-01 9.72502576e-01 2.04750375e-01 -3.27585565e-02 5.33031997e-02 -1.99901915e-01 9.78364906e-01 -3.31121789e-02
9.91584183e-01 1.25207296e-01 -3.29193784e-02 -4.17636059e-02 -1.15873059e-01 9.71736775e-01 2.05673189e-01 -3.23146508e-02 5.77407531e-02 -2.00127876e-01 9.78066871e-01 -3.33005716e-02
9.90732294e-01 1.30912739e-01 -3.62108020e-02 -4.04658174e-02 -1.20738156e-01 9.70917464e-01 2.06741416e-01 -3.18791756e-02 6.22227832e-02 -2.00453423e-01 9.77725311e-01 -3.35301797e-02
9.89789751e-01 1.36763796e-01 -4.01463132e-02 -3.88633600e-02 -1.25651044e-01 9.70192198e-01 2.07218143e-01 -3.12076073e-02 6.72895774e-02 -2.00058028e-01 9.77470659e-01 -3.35836563e-02
9.88802815e-01 1.42450669e-01 -4.44585294e-02 -3.70354682e-02 -1.30323009e-01 9.69460526e-01 2.07756144e-01 -3.04330569e-02 7.26957887e-02 -1.99635955e-01 9.77169779e-01 -3.34890101e-02
9.87738313e-01 1.48515614e-01 -4.81244716e-02 -3.54624226e-02 -1.35461706e-01 9.68550470e-01 2.08711726e-01 -2.97891386e-02 7.76079257e-02 -1.99633604e-01 9.76792431e-01 -3.33545849e-02
9.86675267e-01 1.54328800e-01 -5.15207031e-02 -3.39782858e-02 -1.40407449e-01 9.67649970e-01 2.09618308e-01 -2.91156282e-02 8.22041403e-02 -1.99591373e-01 9.76425015e-01 -3.31300672e-02
9.85558295e-01 1.60080331e-01 -5.52173066e-02 -3.23542519e-02 -1.45243935e-01 9.66775373e-01 2.10356975e-01 -2.83290042e-02 8.70567413e-02 -1.99299144e-01 9.76064027e-01 -3.27244472e-02
9.84384100e-01 1.65823239e-01 -5.90802365e-02 -3.06307129e-02 -1.49994905e-01 9.65790839e-01 2.11542151e-01 -2.76679050e-02 9.21377521e-02 -1.99377052e-01 9.75581594e-01 -3.23686610e-02
9.83052173e-01 1.72370915e-01 -6.24218137e-02 -2.90957962e-02 -1.55598224e-01 9.64563246e-01 2.13090054e-01 -2.70988494e-02 9.69403112e-02 -1.99765979e-01 9.75036470e-01 -3.21096236e-02
9.81582360e-01 1.79224353e-01 -6.61395726e-02 -2.73906265e-02 -1.61439216e-01 9.63306285e-01 2.14426375e-01 -2.63528414e-02 1.02143098e-01 -1.99799681e-01 9.74498238e-01 -3.17056818e-02
9.80144108e-01 1.85501521e-01 -7.00459372e-02 -2.56067367e-02 -1.66711457e-01 9.62193138e-01 2.15387882e-01 -2.54208773e-02 1.07352502e-01 -1.99433757e-01 9.74013135e-01 -3.11445907e-02
9.78735764e-01 1.91719154e-01 -7.29368470e-02 -2.42560861e-02 -1.72030720e-01 9.60851274e-01 2.17187728e-01 -2.47799048e-02 1.11720516e-01 -2.00022074e-01 9.73401057e-01 -3.08214925e-02
9.77254543e-01 1.97919122e-01 -7.61663320e-02 -2.28339268e-02 -1.77351872e-01 9.59660438e-01 2.18170529e-01 -2.37511893e-02 1.16273947e-01 -1.99699955e-01 9.72933795e-01 -3.02510191e-02
9.75683365e-01 2.04666518e-01 -7.84435216e-02 -2.17813356e-02 -1.83298714e-01 9.58129818e-01 2.19975117e-01 -2.29984263e-02 1.20180633e-01 -2.00247509e-01 9.72346366e-01 -2.97764748e-02
9.74070488e-01 2.11298580e-01 -8.08665124e-02 -2.06470953e-02 -1.89159520e-01 9.56692227e-01 2.21266462e-01 -2.20292807e-02 1.24117665e-01 -2.00232491e-01 9.71854794e-01 -2.92865480e-02
9.72487263e-01 2.17849922e-01 -8.25210132e-02 -1.98740949e-02 -1.95118457e-01 9.55241545e-01 2.22356898e-01 -2.10123815e-02 1.27267944e-01 -2.00137917e-01 9.71466752e-01 -2.89720934e-02
9.70894880e-01 2.24125198e-01 -8.44442080e-02 -1.89811173e-02 -2.00855373e-01 9.53982046e-01 2.22655806e-01 -1.96456269e-02 1.30461047e-01 -1.99214351e-01 9.71232978e-01 -2.86561939e-02
9.69317493e-01 2.30424796e-01 -8.56031958e-02 -1.84060803e-02 -2.06734008e-01 9.52590135e-01 2.23233913e-01 -1.83480635e-02 1.32983400e-01 -1.98687478e-01 9.70998815e-01 -2.84260470e-02
9.67702007e-01 2.36923918e-01 -8.61383728e-02 -1.80763058e-02 -2.12967948e-01 9.51137464e-01 2.23567611e-01 -1.69199549e-02 1.34897966e-01 -1.98002147e-01 9.70874675e-01 -2.81256350e-02
9.66040005e-01 2.43444974e-01 -8.66097222e-02 -1.76987428e-02 -2.19176559e-01 9.49546519e-01 2.24328767e-01 -1.56804591e-02 1.36851682e-01 -1.97727766e-01 9.70657197e-01 -2.77288688e-02
9.64377817e-01 2.49667724e-01 -8.74151393e-02 -1.71926223e-02 -2.25053669e-01 9.48039529e-01 2.24882685e-01 -1.43788561e-02 1.39018969e-01 -1.97198803e-01 9.70456781e-01 -2.71879899e-02
9.62751680e-01 2.56044668e-01 -8.68919719e-02 -1.71793310e-02 -2.31239693e-01 9.46240127e-01 2.26181643e-01 -1.32907557e-02 1.40133283e-01 -1.97663917e-01 9.70201857e-01 -2.65987310e-02
9.61093396e-01 2.62391719e-01 -8.63135690e-02 -1.71028858e-02 -2.37455947e-01 9.44472027e-01 2.27129155e-01 -1.19973452e-02 1.41117567e-01 -1.97796690e-01 9.70032143e-01 -2.61985023e-02
9.59521333e-01 2.68444968e-01 -8.51825356e-02 -1.72750175e-02 -2.43528370e-01 9.42755137e-01 2.27831210e-01 -1.06926425e-02 1.41466421e-01 -1.97864569e-01 9.69967489e-01 -2.57506210e-02
9.57947256e-01 2.74353763e-01 -8.40658402e-02 -1.74378029e-02 -2.49423286e-01 9.40990275e-01 2.28748190e-01 -9.46285309e-03 1.41863069e-01 -1.98160743e-01 9.69849112e-01 -2.53402581e-02
9.56266748e-01 2.80711330e-01 -8.21888836e-02 -1.78773808e-02 -2.55805365e-01 9.38875743e-01 2.30383035e-01 -8.41959060e-03 1.41836283e-01 -1.99283307e-01 9.69622966e-01 -2.49672834e-02
9.54550483e-01 2.86992581e-01 -8.04272441e-02 -1.82259440e-02 -2.62002937e-01 9.36617602e-01 2.32598990e-01 -7.65875913e-03 1.42083765e-01 -2.00955340e-01 9.69241542e-01 -2.44197239e-02
9.52984812e-01 2.92665013e-01 -7.85302534e-02 -1.86645604e-02 -2.67632302e-01 9.34475093e-01 2.34796907e-01 -6.84340762e-03 1.42101419e-01 -2.02740702e-01 9.68867021e-01 -2.36067605e-02
9.51588373e-01 2.97693172e-01 -7.65389567e-02 -1.91358920e-02 -2.72640101e-01 9.32454397e-01 2.37058035e-01 -6.03414107e-03 1.41939655e-01 -2.04714123e-01 9.68475728e-01 -2.25325663e-02
9.50245783e-01 3.02430794e-01 -7.46219785e-02 -1.95578185e-02 -2.77392025e-01 9.30549585e-01 2.39021821e-01 -5.08858833e-03 1.41727025e-01 -2.06429972e-01 9.68142591e-01 -2.14229962e-02
9.49027282e-01 3.06660880e-01 -7.28439353e-02 -1.99812901e-02 -2.81682067e-01 9.28865212e-01 2.40551315e-01 -4.03902596e-03 1.41429891e-01 -2.07770957e-01 9.67899177e-01 -2.03578548e-02
9.47839334e-01 3.10714843e-01 -7.11110765e-02 -2.04484789e-02 -2.85804297e-01 9.27231371e-01 2.41988039e-01 -2.76832832e-03 1.41125709e-01 -2.09041961e-01 9.67669882e-01 -1.89432432e-02
9.46611114e-01 3.14791223e-01 -6.95256607e-02 -2.08197807e-02 -2.89904115e-01 9.25556735e-01 2.43517379e-01 -1.60378740e-03 1.41007082e-01 -2.10360507e-01 9.67401441e-01 -1.75508895e-02
9.45502709e-01 3.18448535e-01 -6.79346345e-02 -2.11810034e-02 -2.93607863e-01 9.24006424e-01 2.44963187e-01 -4.73696417e-04 1.40780214e-01 -2.11667244e-01 9.67149402e-01 -1.62237473e-02
9.44484065e-01 3.21739150e-01 -6.65859988e-02 -2.14794310e-02 -2.96960287e-01 9.22656888e-01 2.46006618e-01 7.64403498e-04 1.40586001e-01 -2.12575974e-01 9.66978291e-01 -1.48758638e-02
9.43572346e-01 3.24658750e-01 -6.53285770e-02 -2.17549317e-02 -2.99981087e-01 9.21492733e-01 2.46704060e-01 2.16306890e-03 1.40294444e-01 -2.13185827e-01 9.66886405e-01 -1.33198121e-02
9.42760914e-01 3.27256279e-01 -6.40706167e-02 -2.20670168e-02 -3.02676118e-01 9.20402452e-01 2.47481062e-01 3.47069548e-03 1.39960490e-01 -2.13922871e-01 9.66771981e-01 -1.18350279e-02
9.42133870e-01 3.29270348e-01 -6.29652398e-02 -2.23886236e-02 -3.04873899e-01 9.19663329e-01 2.47530957e-01 5.16219477e-03 1.39411437e-01 -2.14010884e-01 9.66831812e-01 -1.01530164e-02
9.41629872e-01 3.30867844e-01 -6.21247905e-02 -2.25506520e-02 -3.06631971e-01 9.19110779e-01 2.47411634e-01 6.88732635e-03 1.38960133e-01 -2.13920780e-01 9.66916713e-01 -8.47015343e-03
9.41284542e-01 3.31984360e-01 -6.13971497e-02 -2.26682370e-02 -3.07840576e-01 9.18634652e-01 2.47678903e-01 8.48648260e-03 1.38627086e-01 -2.14235832e-01 9.66894762e-01 -6.57327955e-03
9.41009153e-01 3.32855533e-01 -6.08998000e-02 -2.26976301e-02 -3.08799236e-01 9.18314564e-01 2.47672473e-01 1.01313695e-02 1.38364345e-01 -2.14256292e-01 9.66927857e-01 -4.80180322e-03
9.40821070e-01 3.33449897e-01 -6.05524676e-02 -2.26909168e-02 -3.09488304e-01 9.18146602e-01 2.47434837e-01 1.18443252e-02 1.38103184e-01 -2.14051678e-01 9.67010473e-01 -2.97717938e-03
9.40767593e-01 3.33666838e-01 -6.01874425e-02 -2.26237288e-02 -3.09887325e-01 9.18216977e-01 2.46673132e-01 1.37007817e-02 1.37571800e-01 -2.13410816e-01 9.67227816e-01 -1.28712492e-03
9.40735762e-01 3.33818576e-01 -5.98425980e-02 -2.24252052e-02 -3.10163235e-01 9.18225139e-01 2.46295735e-01 1.53212938e-02 1.37167087e-01 -2.13138279e-01 9.67345423e-01 3.45241264e-04
9.40774718e-01 3.33773045e-01 -5.94832708e-02 -2.21334349e-02 -3.10242004e-01 9.18285537e-01 2.45971068e-01 1.67653343e-02 1.36721163e-01 -2.12949194e-01 9.67450184e-01 1.81206815e-03
9.40798633e-01 3.33768631e-01 -5.91290769e-02 -2.16094281e-02 -3.10293327e-01 9.18229300e-01 2.46116340e-01 1.76945334e-02 1.36439981e-01 -2.13198591e-01 9.67434998e-01 2.51410330e-03
9.41027606e-01 3.32982657e-01 -5.99118037e-02 -2.01998776e-02 -3.09249153e-01 9.18375639e-01 2.46883303e-01 1.78190392e-02 1.37229416e-01 -2.13796349e-01 9.67191418e-01 2.21681654e-03
9.41310732e-01 3.32044800e-01 -6.06639730e-02 -1.85014540e-02 -3.07988539e-01 9.18453361e-01 2.48166674e-01 1.75382279e-02 1.38119493e-01 -2.14918171e-01 9.66816033e-01 1.70993651e-03
9.41797437e-01 3.30525123e-01 -6.14045341e-02 -1.64846895e-02 -3.06093331e-01 9.18611379e-01 2.49920485e-01 1.69533302e-02 1.39011915e-01 -2.16578986e-01 9.66317357e-01 9.33252615e-04
9.42589856e-01 3.28158291e-01 -6.19371332e-02 -1.43302082e-02 -3.03413350e-01 9.19017500e-01 2.51688971e-01 1.63473122e-02 1.39515150e-01 -2.18446959e-01 9.65824195e-01 2.42237541e-05
9.43711508e-01 3.24853293e-01 -6.22786049e-02 -1.19115221e-02 -2.99835571e-01 9.19658049e-01 2.53629413e-01 1.57170553e-02 1.39667385e-01 -2.20679698e-01 9.65294478e-01 -6.94029780e-04
9.44712650e-01 3.21820936e-01 -6.28410581e-02 -9.23322279e-03 -2.96512354e-01 9.20271494e-01 2.55305679e-01 1.50511355e-02 1.39993563e-01 -2.22557400e-01 9.64816007e-01 -1.44661292e-03
9.46019057e-01 3.17860520e-01 -6.33430550e-02 -6.21590011e-03 -2.92303097e-01 9.21159794e-01 2.56950820e-01 1.44803380e-02 1.40023610e-01 -2.24565043e-01 9.64346353e-01 -1.92847579e-03
9.47586854e-01 3.13079564e-01 -6.37185263e-02 -3.05999211e-03 -2.87329014e-01 9.22272194e-01 2.58565609e-01 1.40291919e-02 1.39717449e-01 -2.26705222e-01 9.63889907e-01 -2.04987136e-03
9.49262420e-01 3.07685794e-01 -6.50387267e-02 6.71533413e-04 -2.81616478e-01 9.23723022e-01 2.59669186e-01 1.38688494e-02 1.39974306e-01 -2.28178254e-01 9.63504980e-01 -1.61620717e-03
9.50990985e-01 3.02009481e-01 -6.63788764e-02 4.48529287e-03 -2.75593137e-01 9.25169669e-01 2.60978351e-01 1.37285806e-02 1.40229674e-01 -2.29894534e-01 9.63059760e-01 -6.51834435e-04
9.52854206e-01 2.95698907e-01 -6.80495416e-02 8.54983543e-03 -2.68890588e-01 9.26802147e-01 2.62175080e-01 1.35751273e-02 1.40593364e-01 -2.31516780e-01 9.62618011e-01 2.50618110e-04
9.54810693e-01 2.88955973e-01 -6.95748148e-02 1.26676941e-02 -2.61828500e-01 9.28539232e-01 2.63174625e-01 1.34801639e-02 1.40648839e-01 -2.33065321e-01 9.62236144e-01 1.19521269e-03
9.56582947e-01 2.82774099e-01 -7.06227031e-02 1.66630649e-02 -2.55396393e-01 9.29992340e-01 2.64361680e-01 1.34729263e-02 1.40433218e-01 -2.34847126e-01 9.61834364e-01 2.38575215e-03
9.58311308e-01 2.76501249e-01 -7.20151785e-02 2.07307937e-02 -2.48782969e-01 9.31425181e-01 2.65620669e-01 1.34399813e-02 1.40521201e-01 -2.36631165e-01 9.61384195e-01 3.86596641e-03
9.60048705e-01 2.70075070e-01 -7.32510801e-02 2.48983134e-02 -2.42091191e-01 9.32894171e-01 2.66646813e-01 1.34349003e-02 1.40350169e-01 -2.38260501e-01 9.61006696e-01 5.13288405e-03
9.61788125e-01 2.63522921e-01 -7.42905499e-02 2.90609419e-02 -2.35258119e-01 9.34217383e-01 2.68126419e-01 1.32665533e-02 1.40060979e-01 -2.40403363e-01 9.60515131e-01 6.47166792e-03
9.63526025e-01 2.56716217e-01 -7.55923464e-02 3.34671430e-02 -2.28110826e-01 9.35556639e-01 2.69628569e-01 1.30824530e-02 1.39938945e-01 -2.42550738e-01 9.59992896e-01 7.73798805e-03
9.65188848e-01 2.50199109e-01 -7.62279932e-02 3.75201742e-02 -2.21474247e-01 9.36846018e-01 2.70682498e-01 1.30727845e-02 1.39138408e-01 -2.44377211e-01 9.59645997e-01 9.01616748e-03
9.66946052e-01 2.43556638e-01 -7.54677087e-02 4.09736021e-02 -2.15111852e-01 9.38116298e-01 2.71413067e-01 1.31199375e-02 1.36901936e-01 -2.46207803e-01 9.59499762e-01 1.00391043e-02
9.68704526e-01 2.37022314e-01 -7.37013713e-02 4.40217012e-02 -2.09100036e-01 9.39236974e-01 2.72234047e-01 1.31610654e-02 1.33748598e-01 -2.48303385e-01 9.59404484e-01 1.11380168e-02
9.70628944e-01 2.29864525e-01 -7.10042566e-02 4.64694486e-02 -2.02799226e-01 9.40528920e-01 2.72539924e-01 1.35878044e-02 1.29428828e-01 -2.50135531e-01 9.59520978e-01 1.23324936e-02
9.72545849e-01 2.22702940e-01 -6.75119504e-02 4.85687136e-02 -1.96621899e-01 9.41560942e-01 2.73501552e-01 1.37870859e-02 1.24476223e-01 -2.52718481e-01 9.59499428e-01 1.35427430e-02
9.74339623e-01 2.15638716e-01 -6.45144541e-02 5.08100376e-02 -1.90358928e-01 9.42400494e-01 2.75036484e-01 1.38664356e-02 1.20106971e-01 -2.55698048e-01 9.59266898e-01 1.49521726e-02
9.76045902e-01 2.08515365e-01 -6.20939187e-02 5.31772353e-02 -1.83963501e-01 9.43349666e-01 2.76132362e-01 1.40821979e-02 1.16154123e-01 -2.58094831e-01 9.59111827e-01 1.60901267e-02
9.77756117e-01 2.00884858e-01 -6.03171579e-02 5.56327990e-02 -1.76923197e-01 9.44371397e-01 2.77238371e-01 1.44343400e-02 1.12654793e-01 -2.60400001e-01 9.58906120e-01 1.71972815e-02
9.79579427e-01 1.92604144e-01 -5.76869611e-02 5.74397389e-02 -1.69488481e-01 9.45395020e-01 2.78392395e-01 1.47833692e-02 1.08156491e-01 -2.62930180e-01 9.58733631e-01 1.81353176e-02
9.81304276e-01 1.84638383e-01 -5.43185212e-02 5.86955465e-02 -1.62499974e-01 9.46081835e-01 2.80220062e-01 1.48459703e-02 1.03129141e-01 -2.66154385e-01 9.58397873e-01 1.90680817e-02
9.82908513e-01 1.77005730e-01 -5.05943804e-02 5.96096704e-02 -1.55992910e-01 9.46740835e-01 2.81688353e-01 1.51186320e-02 9.77602184e-02 -2.68981499e-01 9.58171261e-01 2.00260422e-02
9.84391744e-01 1.69521827e-01 -4.72780252e-02 6.04558236e-02 -1.49512122e-01 9.47254599e-01 2.83469826e-01 1.52952819e-02 9.28386511e-02 -2.71976695e-01 9.57815190e-01 2.09413366e-02
9.85794623e-01 1.62035352e-01 -4.41972653e-02 6.12019468e-02 -1.43011319e-01 9.47795826e-01 2.85010708e-01 1.56272432e-02 8.80717946e-02 -2.74641304e-01 9.57504961e-01 2.19590911e-02
9.87056995e-01 1.54962737e-01 -4.12907263e-02 6.19071791e-02 -1.36906323e-01 9.48320039e-01 2.86262187e-01 1.61202377e-02 8.35167975e-02 -2.76904134e-01 9.57261316e-01 2.31299206e-02
9.88152204e-01 1.48454567e-01 -3.89391104e-02 6.24082633e-02 -1.31279138e-01 9.49007275e-01 2.86620297e-01 1.71042032e-02 7.95035941e-02 -2.78112599e-01 9.57252677e-01 2.45261764e-02
9.89103227e-01 1.42771733e-01 -3.59278644e-02 6.22005763e-02 -1.26657670e-01 9.49612479e-01 2.86695307e-01 1.83268975e-02 7.50495368e-02 -2.79020734e-01 9.57347953e-01 2.60890433e-02
9.90024985e-01 1.37040986e-01 -3.27120844e-02 6.16471528e-02 -1.22086958e-01 9.50331669e-01 2.86294752e-01 1.98846735e-02 7.03214474e-02 -2.79445245e-01 9.57583104e-01 2.78487883e-02
9.90857449e-01 1.31837176e-01 -2.86410504e-02 6.04345522e-02 -1.18309457e-01 9.51141757e-01 2.85188361e-01 2.18052187e-02 6.48401320e-02 -2.79192501e-01 9.58043551e-01 2.96981079e-02
9.91587976e-01 1.27052391e-01 -2.47140581e-02 5.90703819e-02 -1.14909821e-01 9.52004390e-01 2.83696288e-01 2.39671340e-02 5.95721840e-02 -2.78469939e-01 9.58595763e-01 3.17108377e-02
9.92255936e-01 1.22488664e-01 -2.06049791e-02 5.74729149e-02 -1.11770802e-01 9.52874372e-01 2.82024819e-01 2.63515058e-02 5.41788000e-02 -2.77537766e-01 9.59185927e-01 3.41306339e-02
9.92822657e-01 1.18387833e-01 -1.69524528e-02 5.58932408e-02 -1.08948806e-01 9.53771847e-01 2.80088714e-01 2.88566392e-02 4.93278680e-02 -2.76231464e-01 9.59824546e-01 3.67254879e-02
9.93289449e-01 1.14882641e-01 -1.33371453e-02 5.40873007e-02 -1.06676093e-01 9.54617198e-01 2.78076485e-01 3.13764026e-02 4.46780269e-02 -2.74787693e-01 9.60466456e-01 3.93759507e-02
9.93647723e-01 1.12137307e-01 -9.44711324e-03 5.19262323e-02 -1.05184613e-01 9.55312595e-01 2.76250512e-01 3.36846752e-02 4.00029309e-02 -2.73502004e-01 9.61039370e-01 4.18094834e-02
9.93912913e-01 1.10021029e-01 -5.68607661e-03 4.96554774e-02 -1.04249657e-01 9.55955160e-01 2.74375892e-01 3.60421560e-02 3.56227464e-02 -2.72112981e-01 9.61605856e-01 4.43847765e-02
9.94116846e-01 1.08290030e-01 -2.19007021e-03 4.73646254e-02 -1.03597356e-01 9.56549144e-01 2.72546623e-01 3.83501831e-02 3.16089865e-02 -2.70716307e-01 9.62140232e-01 4.68966181e-02
9.94235057e-01 1.07209828e-01 1.57809017e-03 4.48035494e-02 -1.03629582e-01 9.57046736e-01 2.70781863e-01 4.04336574e-02 2.75201653e-02 -2.69384377e-01 9.62639568e-01 4.90270999e-02
9.94310822e-01 1.06382273e-01 5.35304950e-03 4.22323301e-02 -1.03893051e-01 9.57506430e-01 2.69050274e-01 4.22982742e-02 2.34965946e-02 -2.68075749e-01 9.63111412e-01 5.08468658e-02
9.94358637e-01 1.05599226e-01 9.97447266e-03 3.91269386e-02 -1.04417276e-01 9.58001694e-01 2.67077042e-01 4.41328878e-02 1.86475604e-02 -2.66611882e-01 9.63623712e-01 5.23446984e-02
9.94451462e-01 1.04312814e-01 1.35974854e-02 3.64208152e-02 -1.04171403e-01 9.58518873e-01 2.65311496e-01 4.59398980e-02 1.46419356e-02 -2.65255877e-01 9.64067022e-01 5.38660338e-02
9.94502428e-01 1.03355068e-01 1.68039590e-02 3.37116175e-02 -1.04124209e-01 9.59117562e-01 2.63157715e-01 4.77651000e-02 1.10817033e-02 -2.63460692e-01 9.64606654e-01 5.50725060e-02
9.94575992e-01 1.02119570e-01 1.97476269e-02 3.09352716e-02 -1.03727660e-01 9.59805312e-01 2.60796365e-01 4.95803241e-02 7.67852668e-03 -2.61430177e-01 9.65192063e-01 5.59966166e-02
9.94644970e-01 1.00892959e-01 2.24022019e-02 2.81209703e-02 -1.03249311e-01 9.60475221e-01 2.58509922e-01 5.11996392e-02 4.56506208e-03 -2.59438592e-01 9.65749058e-01 5.65051263e-02
9.94730918e-01 9.95662710e-02 2.44298352e-02 2.54050412e-02 -1.02499682e-01 9.61189857e-01 2.56141322e-01 5.27125668e-02 2.02131692e-03 -2.57295726e-01 9.66330876e-01 5.66869395e-02
9.94836248e-01 9.81521065e-02 2.58226501e-02 2.26136134e-02 -1.01492094e-01 9.61836486e-01 2.54107140e-01 5.41050221e-02 1.03974347e-04 -2.55415782e-01 9.66831576e-01 5.67400660e-02
9.94928674e-01 9.67295568e-02 2.75703601e-02 1.93409586e-02 -1.00558998e-01 9.62467692e-01 2.52079854e-01 5.53685111e-02 -2.15201845e-03 -2.53573905e-01 9.67313889e-01 5.65375841e-02
9.95046863e-01 9.51120618e-02 2.89003517e-02 1.60390716e-02 -9.93248317e-02 9.63032909e-01 2.50404804e-01 5.65338276e-02 -4.01548299e-03 -2.52035007e-01 9.67710069e-01 5.62639281e-02
9.95180426e-01 9.35679595e-02 2.93383193e-02 1.28786636e-02 -9.79334312e-02 9.63552692e-01 2.48949046e-01 5.76750793e-02 -4.97537252e-03 -2.50622383e-01 9.68072451e-01 5.60582643e-02
9.95390428e-01 9.14178151e-02 2.89902373e-02 9.98890102e-03 -9.57560422e-02 9.64165878e-01 2.47417377e-01 5.89284770e-02 -5.33305148e-03 -2.49052853e-01 9.68475521e-01 5.59073973e-02
9.95586748e-01 8.93715994e-02 2.86259445e-02 7.03361902e-03 -9.36745030e-02 9.64760029e-01 2.45893550e-01 6.01342429e-02 -5.64127672e-03 -2.47489866e-01 9.68874375e-01 5.56875035e-02
9.95826359e-01 8.68232378e-02 2.81299914e-02 4.00485128e-03 -9.10736523e-02 9.65371172e-01 2.44467898e-01 6.13423963e-02 -5.93039789e-03 -2.46009466e-01 9.69249582e-01 5.55563151e-02
9.96025129e-01 8.48973826e-02 2.69451331e-02 1.01785059e-03 -8.89096203e-02 9.65831373e-01 2.43444484e-01 6.22688139e-02 -5.35666482e-03 -2.44872492e-01 9.69540774e-01 5.49332376e-02
9.96243866e-01 8.24013839e-02 2.66066293e-02 -2.24621067e-03 -8.64008507e-02 9.66295978e-01 2.42502244e-01 6.31770705e-02 -5.72736801e-03 -2.43890181e-01 9.69786228e-01 5.44310901e-02
9.96491172e-01 7.99113167e-02 2.48851824e-02 -5.05344318e-03 -8.35607674e-02 9.66807686e-01 2.41455863e-01 6.40800799e-02 -4.76413859e-03 -2.42688040e-01 9.70092982e-01 5.36445234e-02
9.96725273e-01 7.75149227e-02 2.30220697e-02 -7.79045846e-03 -8.07800488e-02 9.67290164e-01 2.40467754e-01 6.49346400e-02 -3.62919108e-03 -2.41539976e-01 9.70384378e-01 5.29072810e-02
9.96943228e-01 7.52830497e-02 2.08941980e-02 -1.05459876e-02 -7.80986246e-02 9.67695257e-01 2.39722518e-01 6.56803364e-02 -2.17218287e-03 -2.40621505e-01 9.70616882e-01 5.21413516e-02
9.97135462e-01 7.33736497e-02 1.83596594e-02 -1.33461349e-02 -7.56354921e-02 9.68026988e-01 2.39172317e-01 6.63220527e-02 -2.23708286e-04 -2.39875790e-01 9.70803865e-01 5.13468394e-02
9.97337131e-01 7.10843377e-02 1.62985796e-02 -1.62341017e-02 -7.29197117e-02 9.68427514e-01 2.38393152e-01 6.70141022e-02 1.16201850e-03 -2.38946764e-01 9.71032327e-01 5.06535695e-02
9.97539822e-01 6.84949288e-02 1.49250501e-02 -1.95233979e-02 -7.00784372e-02 9.68794689e-01 2.37752623e-01 6.76040550e-02 1.82553218e-03 -2.38213559e-01 9.71211463e-01 4.97233928e-02
9.97741169e-01 6.58564531e-02 1.32488333e-02 -2.27238862e-02 -6.71179090e-02 9.69099793e-01 2.37363004e-01 6.81326893e-02 2.79243681e-03 -2.37715992e-01 9.71331072e-01 4.88838457e-02
9.97914261e-01 6.35541402e-02 1.13141752e-02 -2.58446704e-02 -6.44237267e-02 9.69388116e-01 2.36931881e-01 6.86314380e-02 4.09016818e-03 -2.37166531e-01 9.71460776e-01 4.79387310e-02
9.98066744e-01 6.14465780e-02 9.33613746e-03 -2.89526608e-02 -6.19094960e-02 9.69642013e-01 2.36563014e-01 6.90468579e-02 5.48327026e-03 -2.36683597e-01 9.71571683e-01 4.69408422e-02
9.98211215e-01 5.94685426e-02 6.15482402e-03 -3.15286915e-02 -5.92382361e-02 9.69899777e-01 2.36190046e-01 6.94264962e-02 8.07630953e-03 -2.36132087e-01 9.71687768e-01 4.59718468e-02
9.98352562e-01 5.73228775e-02 2.49654932e-03 -3.39018574e-02 -5.62943640e-02 9.70169253e-01 2.35802974e-01 6.98572259e-02 1.10948246e-02 -2.35554991e-01 9.71798018e-01 4.51285043e-02
9.98446561e-01 5.57008281e-02 -1.38164068e-03 -3.60954285e-02 -5.38099293e-02 9.70391899e-01 2.35466676e-01 7.02146609e-02 1.44564167e-02 -2.35026478e-01 9.71881833e-01 4.43037430e-02
9.98506675e-01 5.43205656e-02 -5.80796639e-03 -3.80745989e-02 -5.14328029e-02 9.70575793e-01 2.35239912e-01 7.05082978e-02 1.84154321e-02 -2.34589831e-01 9.71920386e-01 4.35307451e-02
9.98544419e-01 5.30630305e-02 -9.66375797e-03 -4.01162236e-02 -4.93096844e-02 9.70725058e-01 2.35078486e-01 7.07724276e-02 2.18548254e-02 -2.34259717e-01 9.71928758e-01 4.28813369e-02
9.98533832e-01 5.23536674e-02 -1.37582362e-02 -4.20316614e-02 -4.76632429e-02 9.70828057e-01 2.34992743e-01 7.10364660e-02 2.56596100e-02 -2.33992366e-01 9.71900175e-01 4.25772671e-02
9.98493287e-01 5.18293042e-02 -1.80225241e-02 -4.38627536e-02 -4.61545086e-02 9.70892796e-01 2.35026311e-01 7.12921220e-02 2.96791871e-02 -2.33840306e-01 9.71822298e-01 4.24507900e-02
9.98441962e-01 5.11475995e-02 -2.23049895e-02 -4.55434266e-02 -4.44942986e-02 9.71000999e-01 2.34899493e-01 7.16059098e-02 3.36727105e-02 -2.33541002e-01 9.71764103e-01 4.24858290e-02
9.98360800e-01 5.08739396e-02 -2.62200679e-02 -4.73181255e-02 -4.33130770e-02 9.71052914e-01 2.34905686e-01 7.18815231e-02 3.74116509e-02 -2.33384905e-01 9.71664811e-01 4.27181463e-02
9.98279885e-01 5.04613850e-02 -2.98462301e-02 -4.91190770e-02 -4.20658317e-02 9.71113732e-01 2.34880763e-01 7.22189952e-02 4.08364944e-02 -2.33221185e-01 9.71566190e-01 4.32661017e-02
9.98175905e-01 5.05439209e-02 -3.30163949e-02 -5.10259157e-02 -4.13985085e-02 9.71102448e-01 2.35045909e-01 7.24969335e-02 4.39424462e-02 -2.33250276e-01 9.71423700e-01 4.42192438e-02
9.98067116e-01 5.07610773e-02 -3.58489586e-02 -5.29344734e-02 -4.09440432e-02 9.71100752e-01 2.35132402e-01 7.27642169e-02 4.67485279e-02 -2.33210072e-01 9.71302329e-01 4.52542895e-02
9.98001690e-01 5.09788974e-02 -3.73306838e-02 -5.53420802e-02 -4.08016901e-02 9.71066842e-01 2.35297024e-01 7.29925319e-02 4.82457763e-02 -2.33303617e-01 9.71206658e-01 4.64632397e-02
9.97936016e-01 5.12069073e-02 -3.87465679e-02 -5.77029321e-02 -4.06796658e-02 9.71010441e-01 2.35550589e-01 7.32325203e-02 4.96851459e-02 -2.33488168e-01 9.71089702e-01 4.80058423e-02
9.97894334e-01 5.13705450e-02 -3.95934168e-02 -6.01643593e-02 -4.06185248e-02 9.70909176e-01 2.35978033e-01 7.34286216e-02 5.05639411e-02 -2.33872874e-01 9.70951714e-01 4.98587049e-02
9.97873923e-01 5.13957287e-02 -4.00721799e-02 -6.26146147e-02 -4.05147094e-02 9.70838958e-01 2.36284645e-01 7.36467987e-02 5.10476626e-02 -2.34158733e-01 9.70857514e-01 5.18720864e-02
9.97877786e-01 5.11815542e-02 -4.02486368e-02 -6.51728731e-02 -4.02501017e-02 9.70781459e-01 2.36565918e-01 7.39148565e-02 5.11804475e-02 -2.34443832e-01 9.70781717e-01 5.42429007e-02
9.97880066e-01 5.10055596e-02 -4.04143807e-02 -6.77162250e-02 -4.00299506e-02 9.70744427e-01 2.36755018e-01 7.42169590e-02 5.13078647e-02 -2.34635303e-01 9.70728697e-01 5.69332109e-02
9.97887578e-01 5.08878220e-02 -4.03771083e-02 -7.01640177e-02 -3.99232986e-02 9.70744744e-01 2.36771697e-01 7.45447053e-02 5.12446693e-02 -2.34659524e-01 9.70726179e-01 5.98663647e-02
9.97874287e-01 5.08261422e-02 -4.07806977e-02 -7.22320986e-02 -3.97702040e-02 9.70759356e-01 2.36737531e-01 7.49809236e-02 5.16207073e-02 -2.34612425e-01 9.70717617e-01 6.34154850e-02
9.97851533e-01 5.09024212e-02 -4.12399600e-02 -7.39999317e-02 -3.97321774e-02 9.70741570e-01 2.36816819e-01 7.54149216e-02 5.20879013e-02 -2.34669453e-01 9.70678884e-01 6.74247526e-02
9.97794597e-01 5.11701822e-02 -4.22737135e-02 -7.51827558e-02 -3.97437083e-02 9.70715054e-01 2.36923639e-01 7.58540899e-02 5.31591647e-02 -2.34720995e-01 9.70608338e-01 7.17083267e-02
9.97748800e-01 5.12783224e-02 -4.32136365e-02 -7.61063672e-02 -3.96172284e-02 9.70673916e-01 2.37113227e-01 7.62540058e-02 5.41051289e-02 -2.34867403e-01 9.70520659e-01 7.63270202e-02
9.97709101e-01 5.13331407e-02 -4.40565796e-02 -7.68209562e-02 -3.94517938e-02 9.70592939e-01 2.37472030e-01 7.65701588e-02 5.49512009e-02 -2.35189872e-01 9.70395014e-01 8.10657195e-02
9.97678612e-01 5.13087609e-02 -4.47702662e-02 -7.74159846e-02 -3.92373831e-02 9.70505858e-01 2.37863093e-01 7.68227578e-02 5.56542782e-02 -2.35554216e-01 9.70266581e-01 8.58411463e-02
9.97636233e-01 5.14428033e-02 -4.55544645e-02 -7.77265062e-02 -3.91542103e-02 9.70389565e-01 2.38350775e-01 7.70153595e-02 5.64670204e-02 -2.36003670e-01 9.70110428e-01 9.08762478e-02
9.97559502e-01 5.19991664e-02 -4.65913904e-02 -7.77797979e-02 -3.94155397e-02 9.70236093e-01 2.38931790e-01 7.71776089e-02 5.76289116e-02 -2.36512192e-01 9.69918288e-01 9.61634507e-02
9.97473142e-01 5.27819263e-02 -4.75502509e-02 -7.77800357e-02 -3.99191482e-02 9.70092008e-01 2.39432754e-01 7.73808269e-02 5.87658490e-02 -2.36929519e-01 9.69748197e-01 1.01697079e-01
9.97375925e-01 5.39085790e-02 -4.83185976e-02 -7.76602287e-02 -4.08029556e-02 9.69937393e-01 2.39909678e-01 7.75290619e-02 5.97992116e-02 -2.37308547e-01 9.69592331e-01 1.07202496e-01
9.97288188e-01 5.51066687e-02 -4.87762761e-02 -7.75868609e-02 -4.18313884e-02 9.69783382e-01 2.40354922e-01 7.76836760e-02 6.05475857e-02 -2.37662697e-01 9.69459161e-01 1.12942854e-01
9.97199427e-01 5.65093077e-02 -4.89851180e-02 -7.75066776e-02 -4.31155198e-02 9.69608777e-01 2.40831958e-01 7.78415185e-02 6.11056518e-02 -2.38045436e-01 9.69330210e-01 1.18935071e-01
9.97126704e-01 5.78987543e-02 -4.88427294e-02 -7.73179328e-02 -4.44776090e-02 9.69457187e-01 2.41194232e-01 7.79866234e-02 6.13157863e-02 -2.38328770e-01 9.69247296e-01 1.25222296e-01
9.96971364e-01 5.92448357e-02 -5.03756664e-02 -7.56999045e-02 -4.54609974e-02 9.69567916e-01 2.40564870e-01 7.77205408e-02 6.30948649e-02 -2.37546119e-01 9.69325238e-01 1.31947343e-01
9.96633550e-01 5.98609960e-02 -5.60150970e-02 -7.14986547e-02 -4.51755884e-02 9.71168749e-01 2.34073635e-01 7.87066625e-02 6.84120032e-02 -2.30755083e-01 9.70604155e-01 1.40470023e-01
9.96576250e-01 5.68426266e-02 -6.00338906e-02 -6.67365740e-02 -4.20702663e-02 9.73766259e-01 2.23627675e-01 7.98018041e-02 7.11705744e-02 -2.20336347e-01 9.72824319e-01 1.49324400e-01
9.96664435e-01 5.18542217e-02 -6.30124483e-02 -6.18487804e-02 -3.74331755e-02 9.76635851e-01 2.11615560e-01 8.02124183e-02 7.25133925e-02 -2.08550893e-01 9.75319865e-01 1.57830145e-01
9.96785943e-01 4.69474910e-02 -6.49083850e-02 -5.66970155e-02 -3.32185653e-02 9.79562872e-01 1.98375893e-01 8.01532335e-02 7.28951164e-02 -1.95582082e-01 9.77974628e-01 1.64855629e-01
9.96710891e-01 4.07569785e-02 -7.00407178e-02 -4.98874400e-02 -2.72876478e-02 9.82642954e-01 1.83488966e-01 7.95254444e-02 7.63034943e-02 -1.80974140e-01 9.80523643e-01 1.69999019e-01
9.96432243e-01 3.66974299e-02 -7.59962675e-02 -4.24069726e-02 -2.35658942e-02 9.85678087e-01 1.66982838e-01 7.87869579e-02 8.10357238e-02 -1.64596097e-01 9.83026827e-01 1.73476140e-01
9.96105625e-01 3.30580613e-02 -8.17319548e-02 -3.46988808e-02 -2.04452677e-02 9.88384014e-01 1.50595327e-01 7.78948346e-02 8.57609765e-02 -1.48337741e-01 9.85211349e-01 1.76937995e-01
9.95845414e-01 2.88803025e-02 -8.63553606e-02 -2.74610895e-02 -1.69862288e-02 9.90642339e-01 1.35422166e-01 7.68488534e-02 8.94583420e-02 -1.33392601e-01 9.87017760e-01 1.81468327e-01
9.95410767e-01 2.53618733e-02 -9.22690430e-02 -1.96152827e-02 -1.41027674e-02 9.92590085e-01 1.20689814e-01 7.63642672e-02 9.46462888e-02 -1.18834597e-01 9.88393074e-01 1.86609336e-01
9.94934961e-01 2.20555147e-02 -9.80683079e-02 -1.23458784e-02 -1.16277103e-02 9.94334490e-01 1.05658789e-01 7.63446841e-02 9.98430908e-02 -1.03983211e-01 9.89555120e-01 1.91459206e-01
9.94407490e-01 1.93085171e-02 -1.03828162e-01 -6.30273261e-03 -9.65988599e-03 9.95652748e-01 9.26410444e-02 7.64172718e-02 1.05165588e-01 -9.11198751e-02 9.90271597e-01 1.96086047e-01
9.93986095e-01 1.62595364e-02 -1.08289443e-01 -2.28747075e-03 -7.31292706e-03 9.96563597e-01 8.25080330e-02 7.65783860e-02 1.09258891e-01 -8.12198133e-02 9.90689827e-01 2.02845095e-01
9.93553849e-01 1.46530526e-02 -1.12407286e-01 4.38509646e-04 -6.32940458e-03 9.97234325e-01 7.40517634e-02 7.69562193e-02 1.13181529e-01 -7.28628267e-02 9.90899285e-01 2.10584251e-01
9.93305401e-01 1.62799585e-02 -1.14361998e-01 9.51473676e-04 -8.28310820e-03 9.97508696e-01 7.00562926e-02 7.69330094e-02 1.15217637e-01 -6.86399060e-02 9.90966145e-01 2.18618128e-01
9.93127672e-01 1.75156362e-02 -1.15714808e-01 9.63579214e-04 -9.80874737e-03 9.97715582e-01 6.68394799e-02 7.71434225e-02 1.16621237e-01 -6.52450056e-02 9.91031279e-01 2.25926584e-01
9.92961204e-01 1.81387767e-02 -1.17039945e-01 1.05299065e-03 -1.06979514e-02 9.97899469e-01 6.38932117e-02 7.71826680e-02 1.17953076e-01 -6.21912752e-02 9.91070022e-01 2.32885695e-01
9.92847693e-01 1.74758717e-02 -1.18099160e-01 9.42930044e-04 -1.02956290e-02 9.98076292e-01 6.11375737e-02 7.69937479e-02 1.18940443e-01 -5.94842725e-02 9.91118181e-01 2.39730946e-01
9.92732373e-01 1.69145437e-02 -1.19145423e-01 9.01116635e-04 -1.00773920e-02 9.98279921e-01 5.77557205e-02 7.69813066e-02 1.19917433e-01 -5.61351773e-02 9.91195786e-01 2.46224939e-01
9.92686299e-01 1.59475523e-02 -1.19661596e-01 4.60617504e-04 -9.54672575e-03 9.98502068e-01 5.38752170e-02 7.71156494e-02 1.20341567e-01 -5.23386883e-02 9.91352123e-01 2.52998735e-01
9.92645651e-01 1.56930663e-02 -1.20031876e-01 -2.61610510e-04 -9.65049344e-03 9.98664366e-01 5.07583532e-02 7.72215782e-02 1.20668148e-01 -4.92265640e-02 9.91471852e-01 2.59929337e-01
9.92623536e-01 1.69067993e-02 -1.20050056e-01 -1.40037880e-03 -1.11845339e-02 9.98776060e-01 4.81808102e-02 7.72215993e-02 1.20717740e-01 -4.64825732e-02 9.91598258e-01 2.66474662e-01
9.92620406e-01 1.80638030e-02 -1.19907152e-01 -2.66319436e-03 -1.26184865e-02 9.98860939e-01 4.60180558e-02 7.70192176e-02 1.20601870e-01 -4.41652856e-02 9.91718236e-01 2.72277957e-01
9.92613895e-01 1.94033967e-02 -1.19751416e-01 -3.99990115e-03 -1.42507165e-02 9.98941526e-01 4.37358697e-02 7.68343007e-02 1.20473319e-01 -4.17061601e-02 9.91840318e-01 2.77772303e-01
9.92599849e-01 2.07596588e-02 -1.19640328e-01 -5.36745003e-03 -1.59060101e-02 9.99016796e-01 4.13821813e-02 7.68092656e-02 1.20381817e-01 -3.91728180e-02 9.91954671e-01 2.82896333e-01
9.92614691e-01 2.21658615e-02 -1.19264742e-01 -6.87595583e-03 -1.76005520e-02 9.99076520e-01 3.91973274e-02 7.67310451e-02 1.20023483e-01 -3.68085858e-02 9.92088669e-01 2.87758423e-01
9.92618673e-01 2.32671011e-02 -1.19021841e-01 -8.23954102e-03 -1.89823087e-02 9.99134711e-01 3.70084083e-02 7.67191483e-02 1.19779969e-01 -3.44757935e-02 9.92201914e-01 2.92321587e-01
9.92613354e-01 2.40503654e-02 -1.18910375e-01 -9.56113595e-03 -2.00744793e-02 9.99202384e-01 3.45219626e-02 7.68496004e-02 1.19645831e-01 -3.18797626e-02 9.92304897e-01 2.96763121e-01
9.92600583e-01 2.46047773e-02 -1.18903387e-01 -1.08488440e-02 -2.09425115e-02 9.99269984e-01 3.19528376e-02 7.70862213e-02 1.19602818e-01 -2.92261338e-02 9.92391758e-01 3.01112375e-01
9.92583754e-01 2.51630390e-02 -1.18927195e-01 -1.20013135e-02 -2.18353664e-02 9.99335093e-01 2.92019910e-02 7.74471936e-02 1.19582963e-01 -2.63884659e-02 9.92473687e-01 3.05070577e-01
9.92560465e-01 2.58450141e-02 -1.18975370e-01 -1.30915648e-02 -2.28043231e-02 9.99379482e-01 2.68487406e-02 7.76794607e-02 1.19595476e-01 -2.39357074e-02 9.92534392e-01 3.08629188e-01
9.92557531e-01 2.62563719e-02 -1.18909673e-01 -1.42031090e-02 -2.35003090e-02 9.99423145e-01 2.45215482e-02 7.80015703e-02 1.19484957e-01 -2.15444943e-02 9.92602456e-01 3.11929682e-01
9.92564618e-01 2.65409153e-02 -1.18786912e-01 -1.53165976e-02 -2.40461890e-02 9.99460228e-01 2.23865131e-02 7.82498994e-02 1.19316985e-01 -1.93635489e-02 9.92667576e-01 3.15537800e-01
9.92610916e-01 2.65356265e-02 -1.18400981e-01 -1.65539736e-02 -2.43120566e-02 9.99500680e-01 2.01856218e-02 7.85619058e-02 1.18877536e-01 -1.71577560e-02 9.92760876e-01 3.18911194e-01
9.92661572e-01 2.67463399e-02 -1.17927849e-01 -1.78911675e-02 -2.47860327e-02 9.99529766e-01 1.80589363e-02 7.88842051e-02 1.18355434e-01 -1.50033072e-02 9.92858155e-01 3.22368816e-01
9.92738441e-01 2.72792419e-02 -1.17156238e-01 -1.94706711e-02 -2.55141327e-02 9.99537722e-01 1.65403283e-02 7.90443963e-02 1.17553313e-01 -1.34309371e-02 9.92975990e-01 3.25755141e-01
9.92898596e-01 2.81375202e-02 -1.15585511e-01 -2.14712612e-02 -2.66126598e-02 9.99537651e-01 1.47152326e-02 7.93749484e-02 1.15946141e-01 -1.15345529e-02 9.93188770e-01 3.28872176e-01
9.93043632e-01 2.86166736e-02 -1.14213371e-01 -2.34028316e-02 -2.73528597e-02 9.99546350e-01 1.26179200e-02 7.97983061e-02 1.14522655e-01 -9.40593946e-03 9.93376352e-01 3.32083366e-01
9.93204792e-01 2.92335966e-02 -1.12645075e-01 -2.53968425e-02 -2.81898843e-02 9.99543895e-01 1.08478811e-02 8.01030466e-02 1.12910833e-01 -7.59857211e-03 9.93576300e-01 3.34720389e-01
9.93353511e-01 2.97059845e-02 -1.11200944e-01 -2.73619561e-02 -2.88788254e-02 9.99542197e-01 9.04244227e-03 8.03909533e-02 1.11418665e-01 -5.77084465e-03 9.93757024e-01 3.37327645e-01
9.93493451e-01 3.01597344e-02 -1.09819853e-01 -2.93267869e-02 -2.96164108e-02 9.99539840e-01 6.57597789e-03 8.09409510e-02 1.09967665e-01 -3.28057554e-03 9.93929958e-01 3.39853039e-01
9.93576332e-01 3.07274601e-02 -1.08908593e-01 -3.11718280e-02 -3.04257577e-02 9.99527340e-01 4.43168707e-03 8.13977266e-02 1.08993302e-01 -1.08944647e-03 9.94042115e-01 3.42339111e-01
9.93747590e-01 3.10344427e-02 -1.07246403e-01 -3.33074930e-02 -3.09171677e-02 9.99518279e-01 2.75680734e-03 8.18173108e-02 1.07280307e-01 5.76331664e-04 9.94228875e-01 3.44858509e-01
9.93869419e-01 3.14187554e-02 -1.05998165e-01 -3.52415486e-02 -3.14975231e-02 9.99503555e-01 9.31674519e-04 8.22620962e-02 1.05974822e-01 2.41286508e-03 9.94366103e-01 3.47578681e-01
9.93995138e-01 3.20088921e-02 -1.04634145e-01 -3.72820152e-02 -3.21999000e-02 9.99481603e-01 -1.35914419e-04 8.24771017e-02 1.04575556e-01 3.50445591e-03 9.94511026e-01 3.50417339e-01
9.94108264e-01 3.24008790e-02 -1.03431704e-01 -3.93836974e-02 -3.27137118e-02 9.99464021e-01 -1.32874120e-03 8.27960031e-02 1.03333219e-01 4.70469688e-03 9.94635912e-01 3.53446775e-01
9.94173313e-01 3.30169141e-02 -1.02608308e-01 -4.12937244e-02 -3.34076535e-02 9.99439787e-01 -2.09103751e-03 8.28316187e-02 1.02481784e-01 5.50690628e-03 9.94719905e-01 3.56307045e-01
9.94240391e-01 3.36795194e-02 -1.01739607e-01 -4.32691619e-02 -3.41556819e-02 9.99412401e-01 -2.94091662e-03 8.29877234e-02 1.01580770e-01 6.39911383e-03 9.94807014e-01 3.59476484e-01
9.94313576e-01 3.44143468e-02 -1.00773741e-01 -4.53389973e-02 -3.49849076e-02 9.99380439e-01 -3.89906358e-03 8.32121994e-02 1.00577116e-01 7.40260272e-03 9.94901990e-01 3.62893673e-01
9.94378025e-01 3.55180659e-02 -9.97497017e-02 -4.73417879e-02 -3.61555846e-02 9.99335886e-01 -4.58972439e-03 8.32717491e-02 9.95204276e-02 8.17058126e-03 9.95002243e-01 3.66194028e-01
9.94442272e-01 3.66691997e-02 -9.86872597e-02 -4.93825709e-02 -3.73746145e-02 9.99287515e-01 -5.30774230e-03 8.34466312e-02 9.84223027e-02 8.96679325e-03 9.95104617e-01 3.69625138e-01
9.94492591e-01 3.79531374e-02 -9.76901049e-02 -5.13786845e-02 -3.87276700e-02 9.99231837e-01 -6.04339853e-03 8.36822188e-02 9.73856843e-02 9.79357689e-03 9.95198811e-01 3.73178313e-01
9.94546926e-01 3.90567238e-02 -9.66973108e-02 -5.33347103e-02 -3.98949924e-02 9.99181432e-01 -6.74963628e-03 8.38672133e-02 9.63545223e-02 1.05707201e-02 9.95291255e-01 3.76591002e-01
9.94614060e-01 3.99571151e-02 -9.56331057e-02 -5.54424173e-02 -4.08556399e-02 9.99137628e-01 -7.45475596e-03 8.41041853e-02 9.52527431e-02 1.13219087e-02 9.95389057e-01 3.80146872e-01
9.94622892e-01 4.11577579e-02 -9.50305041e-02 -5.72980109e-02 -4.21785716e-02 9.99072119e-01 -8.75707363e-03 8.46245178e-02 9.45818806e-02 1.27183886e-02 9.95436206e-01 3.83858139e-01
9.94619249e-01 4.23720959e-02 -9.45340828e-02 -5.92214035e-02 -4.35369893e-02 9.98999212e-01 -1.02927863e-02 8.52639195e-02 9.40033243e-02 1.43532841e-02 9.95468786e-01 3.87784194e-01
9.94622614e-01 4.32847167e-02 -9.40842695e-02 -6.10964598e-02 -4.45965476e-02 9.98934856e-01 -1.18841055e-02 8.58887228e-02 9.34696292e-02 1.60161858e-02 9.95493678e-01 3.91956102e-01
9.94643346e-01 4.44353585e-02 -9.33259656e-02 -6.30004000e-02 -4.59031508e-02 9.98853289e-01 -1.36387022e-02 8.65049639e-02 9.26128773e-02 1.78497522e-02 9.95542583e-01 3.96037763e-01
9.94681198e-01 4.56936037e-02 -9.23090071e-02 -6.50495163e-02 -4.73248325e-02 9.98758831e-01 -1.55587851e-02 8.71184915e-02 9.14834729e-02 1.98446920e-02 9.95609200e-01 4.00075818e-01
9.94726922e-01 4.68368210e-02 -9.12368135e-02 -6.71590643e-02 -4.86067991e-02 9.98669050e-01 -1.72736589e-02 8.76040678e-02 9.03063138e-02 2.16174563e-02 9.95679733e-01 4.03966874e-01
9.94739820e-01 4.83623420e-02 -9.02953340e-02 -6.92599762e-02 -5.02847913e-02 9.98552009e-01 -1.91367355e-02 8.81073534e-02 8.92390607e-02 2.35767083e-02 9.95731517e-01 4.07997074e-01
9.94779782e-01 4.97735737e-02 -8.90801551e-02 -7.12853625e-02 -5.18219972e-02 9.98439529e-01 -2.08302134e-02 8.86651111e-02 8.79043272e-02 2.53379409e-02 9.95806951e-01 4.11766033e-01
9.94939117e-01 5.04077393e-02 -8.69173097e-02 -7.36106130e-02 -5.25800727e-02 9.98354892e-01 -2.28855400e-02 8.93630121e-02 8.56206815e-02 2.73399930e-02 9.95952964e-01 4.15518554e-01
9.95103281e-01 5.11463046e-02 -8.45750607e-02 -7.60190578e-02 -5.34150256e-02 9.98265311e-01 -2.47812543e-02 9.00379370e-02 8.31608500e-02 2.91776427e-02 9.96109219e-01 4.19380040e-01
9.95254678e-01 5.19350482e-02 -8.22820997e-02 -7.87169634e-02 -5.42704807e-02 9.98177585e-01 -2.64035326e-02 9.06527060e-02 8.07608468e-02 3.07438833e-02 9.96259611e-01 4.23408388e-01
9.95439089e-01 5.29262722e-02 -7.93678502e-02 -8.21413477e-02 -5.52858185e-02 9.98083066e-01 -2.78303722e-02 9.11713177e-02 7.77427208e-02 3.20915128e-02 9.96457144e-01 4.27245200e-01
9.95604401e-01 5.45929402e-02 -7.60975401e-02 -8.62553628e-02 -5.69308635e-02 9.97960196e-01 -2.88974207e-02 9.14358361e-02 7.43646958e-02 3.31028547e-02 9.96681818e-01 4.30464216e-01
9.95838091e-01 5.56886255e-02 -7.21429309e-02 -9.13046309e-02 -5.80052425e-02 9.97852996e-01 -3.04223054e-02 9.18235258e-02 7.02938373e-02 3.44805163e-02 9.96930489e-01 4.32919938e-01
9.96063512e-01 5.63598301e-02 -6.84131470e-02 -9.67341016e-02 -5.86643702e-02 9.97760106e-01 -3.21551295e-02 9.21534257e-02 6.64476256e-02 3.60421236e-02 9.97138996e-01 4.34848036e-01
9.96286334e-01 5.67188093e-02 -6.47756481e-02 -1.02734696e-01 -5.89790285e-02 9.97696356e-01 -3.35285496e-02 9.21804581e-02 6.27247041e-02 3.72245985e-02 9.97336665e-01 4.36362324e-01
9.96561432e-01 5.68000995e-02 -6.03196308e-02 -1.09494542e-01 -5.88681755e-02 9.97717925e-01 -3.30780355e-02 9.14947809e-02 5.83031174e-02 3.65153577e-02 9.97631123e-01 4.37042698e-01
9.96827313e-01 5.65946832e-02 -5.59617775e-02 -1.16609084e-01 -5.84968265e-02 9.97743801e-01 -3.29549268e-02 9.08308726e-02 5.39704196e-02 3.61241132e-02 9.97889135e-01 4.37489749e-01
9.96895650e-01 5.88491572e-02 -5.22995221e-02 -1.23778955e-01 -6.06727754e-02 9.97579129e-01 -3.39910416e-02 9.03103409e-02 5.01725408e-02 3.70588351e-02 9.98053041e-01 4.38074070e-01
9.96926043e-01 6.13684016e-02 -4.87006829e-02 -1.31217866e-01 -6.31288036e-02 9.97375196e-01 -3.54698349e-02 8.98826763e-02 4.63960992e-02 3.84353743e-02 9.98183662e-01 4.38531117e-01
9.96878500e-01 6.50428825e-02 -4.47445463e-02 -1.38973371e-01 -6.66972909e-02 9.97104609e-01 -3.65297900e-02 8.92448130e-02 4.22389640e-02 3.94002564e-02 9.98330607e-01 4.38574753e-01
9.96636173e-01 7.12113506e-02 -4.05537237e-02 -1.46990540e-01 -7.27125974e-02 9.96672980e-01 -3.68289313e-02 8.81722481e-02 3.77961343e-02 3.96539673e-02 9.98498617e-01 4.38306054e-01
9.96489397e-01 7.54308496e-02 -3.63105651e-02 -1.55102181e-01 -7.67148377e-02 9.96425830e-01 -3.53683678e-02 8.68452625e-02 3.35128880e-02 3.80299145e-02 9.98714757e-01 4.38189547e-01
9.96387984e-01 7.85138822e-02 -3.23410563e-02 -1.62944738e-01 -7.96283533e-02 9.96219196e-01 -3.47443324e-02 8.60051499e-02 2.94908375e-02 3.71942535e-02 9.98873042e-01 4.37846351e-01
9.96384345e-01 8.00362524e-02 -2.84922964e-02 -1.70559643e-01 -8.09997134e-02 9.96119325e-01 -3.44358807e-02 8.54231481e-02 2.56255766e-02 3.66193933e-02 9.99000902e-01 4.37112889e-01
9.96448482e-01 8.05165845e-02 -2.46354769e-02 -1.77945825e-01 -8.13344192e-02 9.96099529e-01 -3.42185881e-02 8.50662895e-02 2.17841914e-02 3.61009248e-02 9.99110901e-01 4.36240277e-01
9.96338454e-01 8.27501985e-02 -2.14812121e-02 -1.85087918e-01 -8.34188106e-02 9.95989437e-01 -3.23545005e-02 8.44293170e-02 1.87176853e-02 3.40281223e-02 9.99245807e-01 4.35101869e-01
9.96271889e-01 8.43833907e-02 -1.79172761e-02 -1.92319644e-01 -8.48982299e-02 9.95931148e-01 -3.02303886e-02 8.39909202e-02 1.52933955e-02 3.16389846e-02 9.99382544e-01 4.33979456e-01
9.96171204e-01 8.61678451e-02 -1.47416270e-02 -1.99455958e-01 -8.65494544e-02 9.95866310e-01 -2.75681497e-02 8.35310687e-02 1.23051652e-02 2.87386303e-02 9.99511397e-01 4.32627439e-01
9.96061869e-01 8.78784963e-02 -1.17210379e-02 -2.06561656e-01 -8.81390382e-02 9.95820504e-01 -2.39490736e-02 8.29489704e-02 9.56740341e-03 2.48879920e-02 9.99644669e-01 4.30896835e-01
9.95990051e-01 8.89247191e-02 -9.77278880e-03 -2.13408788e-01 -8.91058491e-02 9.95821854e-01 -1.99882370e-02 8.25966496e-02 7.95447012e-03 2.07790495e-02 9.99752622e-01 4.29444512e-01
9.95961475e-01 8.94859585e-02 -7.23043083e-03 -2.20545389e-01 -8.95922948e-02 9.95849826e-01 -1.60259266e-02 8.25576012e-02 5.76628898e-03 1.66091465e-02 9.99845605e-01 4.28069671e-01
9.95712374e-01 9.23507773e-02 -5.24233874e-03 -2.27524988e-01 -9.24080474e-02 9.95649373e-01 -1.19837728e-02 8.26375682e-02 4.11278046e-03 1.24169733e-02 9.99914667e-01 4.26540394e-01
9.95453983e-01 9.51918243e-02 -3.02962700e-03 -2.34744583e-01 -9.52070645e-02 9.95443455e-01 -5.32886347e-03 8.19150519e-02 2.50851715e-03 5.59322518e-03 9.99981452e-01 4.24083359e-01
9.94994352e-01 9.99276088e-02 -1.37945146e-04 -2.42326549e-01 -9.99275599e-02 9.94994699e-01 7.57393538e-04 8.17814355e-02 2.12896659e-04 -7.39675206e-04 9.99999952e-01 4.21747644e-01
9.94603700e-01 1.03717222e-01 2.36080124e-03 -2.49908503e-01 -1.03734269e-01 9.94566247e-01 8.81532545e-03 8.12084540e-02 -1.43371571e-03 -9.01251124e-03 9.99958603e-01 4.19048840e-01
9.94188796e-01 1.07553083e-01 4.50181628e-03 -2.57675328e-01 -1.07616952e-01 9.94032879e-01 1.78237042e-02 8.01722714e-02 -2.55800374e-03 -1.82044615e-02 9.99831237e-01 4.16170165e-01
9.93404485e-01 1.14484203e-01 6.34625927e-03 -2.65477676e-01 -1.14616125e-01 9.93034269e-01 2.73228943e-02 7.88686277e-02 -3.17405918e-03 -2.78699347e-02 9.99606749e-01 4.13534506e-01
9.92458432e-01 1.22268455e-01 8.71884051e-03 -2.73825158e-01 -1.22514006e-01 9.91736594e-01 3.80686172e-02 7.73491170e-02 -3.99224965e-03 -3.88495688e-02 9.99237326e-01 4.10995418e-01
9.91506671e-01 1.29561577e-01 1.12985021e-02 -2.82205902e-01 -1.29960222e-01 9.90338759e-01 4.83715228e-02 7.60338947e-02 -4.92230271e-03 -4.94289138e-02 9.98765796e-01 4.07097822e-01
9.90584350e-01 1.36318552e-01 1.26184312e-02 -2.89663216e-01 -1.36829867e-01 9.88832433e-01 5.90619653e-02 7.42058374e-02 -4.42632219e-03 -6.02323130e-02 9.98174839e-01 4.02350732e-01
9.89265128e-01 1.44837221e-01 1.93899319e-02 -2.98487924e-01 -1.45844407e-01 9.86889504e-01 6.91281679e-02 7.23260633e-02 -9.12344293e-03 -7.12138798e-02 9.97419585e-01 3.96586234e-01
9.87825980e-01 1.52834698e-01 2.89936895e-02 -3.07993136e-01 -1.54684957e-01 9.84802285e-01 7.89757156e-02 7.03284492e-02 -1.64828818e-02 -8.24990377e-02 9.96455070e-01 3.90515735e-01
9.86162962e-01 1.60562038e-01 4.12517889e-02 -3.18461828e-01 -1.63629891e-01 9.82691391e-01 8.68503777e-02 6.89687433e-02 -2.65929717e-02 -9.23985394e-02 9.95367196e-01 3.84594301e-01
9.84175312e-01 1.68883041e-01 5.36345986e-02 -3.28882283e-01 -1.73360327e-01 9.80340060e-01 9.42315161e-02 6.75974277e-02 -3.66661173e-02 -1.02038340e-01 9.94104736e-01 3.79134193e-01
9.81797712e-01 1.77338777e-01 6.79955547e-02 -3.39873764e-01 -1.83592850e-01 9.77838134e-01 1.00629375e-01 6.61803892e-02 -4.86432421e-02 -1.11281096e-01 9.92597982e-01 3.73259510e-01
9.79614111e-01 1.83682840e-01 8.13388733e-02 -3.50525666e-01 -1.91647617e-01 9.75906480e-01 1.04296546e-01 6.55775101e-02 -6.02217399e-02 -1.17758677e-01 9.91214763e-01 3.67981943e-01
9.77847128e-01 1.86624136e-01 9.47925006e-02 -3.61004402e-01 -1.96343544e-01 9.74749630e-01 1.06359457e-01 6.52390425e-02 -7.25498162e-02 -1.22615091e-01 9.89799248e-01 3.62841447e-01
9.76436412e-01 1.87152585e-01 1.07447803e-01 -3.70968816e-01 -1.98488475e-01 9.74267771e-01 1.06791706e-01 6.55666677e-02 -8.46967059e-02 -1.25602361e-01 9.88458894e-01 3.57973796e-01
9.74931628e-01 1.87284900e-01 1.20132429e-01 -3.80924314e-01 -2.00216206e-01 9.73948822e-01 1.06474945e-01 6.60050808e-02 -9.70618203e-02 -1.27858157e-01 9.87031756e-01 3.53477639e-01
9.73390709e-01 1.86204080e-01 1.33557796e-01 -3.90914216e-01 -2.00815503e-01 9.73901436e-01 1.05777547e-01 6.65439277e-02 -1.10376060e-01 -1.29783265e-01 9.85380043e-01 3.49069652e-01
9.71891871e-01 1.83069606e-01 1.48023146e-01 -4.01309856e-01 -1.99446324e-01 9.74317938e-01 1.04525235e-01 6.70559520e-02 -1.25086363e-01 -1.31109808e-01 9.83444985e-01 3.44068968e-01
9.69755960e-01 1.83907945e-01 1.60469148e-01 -4.11099407e-01 -2.01917078e-01 9.73850033e-01 1.04141054e-01 6.70078744e-02 -1.37120672e-01 -1.33392774e-01 9.81531853e-01 3.40192908e-01
9.67514174e-01 1.83425365e-01 1.73984442e-01 -4.21296706e-01 -2.02897237e-01 9.73922565e-01 1.01524800e-01 6.76508575e-02 -1.50825323e-01 -1.33527551e-01 9.79501185e-01 3.35351396e-01
9.65535472e-01 1.81949125e-01 1.86104328e-01 -4.30640826e-01 -2.02750239e-01 9.74163851e-01 9.94827967e-02 6.79387631e-02 -1.63195484e-01 -1.33786777e-01 9.77480811e-01 3.29867453e-01
9.64135507e-01 1.83786884e-01 1.91478917e-01 -4.37081600e-01 -2.05997949e-01 9.73090887e-01 1.03241112e-01 6.51914959e-02 -1.67352209e-01 -1.38982604e-01 9.76051989e-01 3.23737845e-01
9.62866959e-01 1.84151043e-01 1.97420045e-01 -4.42753740e-01 -2.07631308e-01 9.72497426e-01 1.05535414e-01 6.33796397e-02 -1.72556222e-01 -1.42607068e-01 9.74621947e-01 3.17989859e-01
9.62733750e-01 1.83708074e-01 1.98479635e-01 -4.45909389e-01 -2.07634402e-01 9.72316256e-01 1.07185762e-01 6.19355708e-02 -1.73294277e-01 -1.44402469e-01 9.74226583e-01 3.10941552e-01
9.63202742e-01 1.82930644e-01 1.96916150e-01 -4.47484229e-01 -2.06200721e-01 9.72877366e-01 1.04835971e-01 6.21521713e-02 -1.72397746e-01 -1.41582454e-01 9.74799409e-01 3.03401706e-01
9.64062595e-01 1.82743438e-01 1.92839940e-01 -4.46678432e-01 -2.04968083e-01 9.73413347e-01 1.02245578e-01 6.25542026e-02 -1.69028453e-01 -1.38097068e-01 9.75888869e-01 2.97270680e-01
9.66153576e-01 1.84688123e-01 1.80101860e-01 -4.42553950e-01 -2.04926536e-01 9.73554366e-01 1.00978740e-01 6.28337731e-02 -1.56689549e-01 -1.34468517e-01 9.78451402e-01 2.93318089e-01
9.67738856e-01 1.87199665e-01 1.68632482e-01 -4.38315854e-01 -2.05743721e-01 9.73478124e-01 1.00047699e-01 6.27768626e-02 -1.45431301e-01 -1.31515013e-01 9.80588635e-01 2.90071120e-01
9.69856362e-01 1.89282384e-01 1.53459781e-01 -4.32195717e-01 -2.05635595e-01 9.73640207e-01 9.86834073e-02 6.28938619e-02 -1.30735730e-01 -1.27265412e-01 9.83215265e-01 2.87397107e-01
9.71642286e-01 1.90373593e-01 1.40243854e-01 -4.26854859e-01 -2.04984715e-01 9.73818916e-01 9.82737728e-02 6.21469989e-02 -1.17863519e-01 -1.24234681e-01 9.85228178e-01 2.84356554e-01
9.73293271e-01 1.90653133e-01 1.27869997e-01 -4.21481951e-01 -2.03698207e-01 9.74108664e-01 9.80770720e-02 6.14045914e-02 -1.05860691e-01 -1.21504525e-01 9.86929982e-01 2.82251769e-01
9.74984485e-01 1.91150488e-01 1.13427987e-01 -4.15461952e-01 -2.02383831e-01 9.74443717e-01 9.74679507e-02 6.06992563e-02 -9.18982492e-02 -1.17985606e-01 9.88754152e-01 2.79905445e-01
9.76191012e-01 1.92673126e-01 9.96359027e-02 -4.08106311e-01 -2.02195649e-01 9.74589669e-01 9.63932736e-02 5.97596139e-02 -7.85318199e-02 -1.14244064e-01 9.90344263e-01 2.77175441e-01
9.77023324e-01 1.93591703e-01 8.91447217e-02 -4.02606646e-01 -2.01804355e-01 9.74829633e-01 9.47732603e-02 5.87556286e-02 -6.85536829e-02 -1.10585353e-01 9.91499836e-01 2.74484283e-01
9.77971882e-01 1.96403323e-01 7.06812647e-02 -3.94222512e-01 -2.02489292e-01 9.74876806e-01 9.28066148e-02 5.82169056e-02 -5.06780702e-02 -1.05074330e-01 9.93172544e-01 2.72168743e-01
9.78183807e-01 2.00699629e-01 5.36204049e-02 -3.85559081e-01 -2.04960084e-01 9.74473840e-01 9.16069631e-02 5.74317962e-02 -3.38662553e-02 -1.00598362e-01 9.94350834e-01 2.71008233e-01
9.77992378e-01 2.05408437e-01 3.65703078e-02 -3.76777931e-01 -2.07955411e-01 9.73872411e-01 9.12513573e-02 5.62598956e-02 -1.68710592e-02 -9.68479914e-02 9.95156447e-01 2.70607389e-01
9.77639476e-01 2.09182301e-01 2.15161060e-02 -3.69059460e-01 -2.10277146e-01 9.73412332e-01 9.08388360e-02 5.50612508e-02 -1.94219774e-03 -9.33318425e-02 9.95633398e-01 2.70010514e-01
9.77105283e-01 2.12611666e-01 7.78708463e-03 -3.60682871e-01 -2.12432017e-01 9.72957227e-01 9.07009191e-02 5.35378202e-02 1.17075522e-02 -9.02784436e-02 9.95847942e-01 2.69165797e-01
9.76615941e-01 2.14964576e-01 -3.25464185e-03 -3.53023229e-01 -2.13768291e-01 9.72569243e-01 9.17166532e-02 5.14820112e-02 2.28811832e-02 -8.88760784e-02 9.95780011e-01 2.68040461e-01
9.75980617e-01 2.17478802e-01 -1.28030496e-02 -3.45647498e-01 -2.15362558e-01 9.72010276e-01 9.38871346e-02 4.88860214e-02 3.28631518e-02 -8.88745975e-02 9.95500707e-01 2.66731998e-01
9.75182492e-01 2.20313944e-01 -2.19080751e-02 -3.38501847e-01 -2.17286002e-01 9.71350663e-01 9.62518867e-02 4.62167142e-02 4.24860576e-02 -8.91027044e-02 9.95116089e-01 2.65124579e-01
9.74590747e-01 2.21910385e-01 -3.04574879e-02 -3.31155712e-01 -2.18075921e-01 9.71084098e-01 9.71506798e-02 4.37932393e-02 5.11355366e-02 -8.80399814e-02 9.94803709e-01 2.63018553e-01
9.74186536e-01 2.22502399e-01 -3.81095055e-02 -3.23615813e-01 -2.17962248e-01 9.71049759e-01 9.77474759e-02 4.12339479e-02 5.87552894e-02 -8.69177135e-02 9.94481485e-01 2.60943527e-01
9.73530124e-01 2.24006198e-01 -4.53801943e-02 -3.16116528e-01 -2.18877094e-01 9.70909203e-01 9.70976194e-02 3.96256552e-02 6.58105362e-02 -8.45946493e-02 9.94239890e-01 2.60031071e-01
9.72840708e-01 2.25517115e-01 -5.21729039e-02 -3.08610885e-01 -2.19857099e-01 9.70747920e-01 9.64944467e-02 3.78480229e-02 7.24079078e-02 -8.24030190e-02 9.93965345e-01 2.58870591e-01
9.72650008e-01 2.24827894e-01 -5.83378846e-02 -3.01229622e-01 -2.18783324e-01 9.71141157e-01 9.49654811e-02 3.63262569e-02 7.80052396e-02 -7.96046967e-02 9.93769820e-01 2.57823294e-01
9.72261817e-01 2.24757454e-01 -6.47298297e-02 -2.93415338e-01 -2.18354829e-01 9.71408025e-01 9.32058253e-02 3.53372726e-02 8.38278154e-02 -7.64862694e-02 9.93540593e-01 2.57196892e-01
9.71994260e-01 2.23953742e-01 -7.12096479e-02 -2.85938777e-01 -2.17206411e-01 9.71822015e-01 9.15588475e-02 3.39490115e-02 8.97080916e-02 -7.35273508e-02 9.93250415e-01 2.56665639e-01
9.71684766e-01 2.23276303e-01 -7.73005574e-02 -2.78552968e-01 -2.16232739e-01 9.72185853e-01 8.99875724e-02 3.22792777e-02 9.52426463e-02 -7.07245066e-02 9.92938625e-01 2.55850508e-01
9.71020494e-01 2.23935157e-01 -8.34939476e-02 -2.71082304e-01 -2.16680451e-01 9.72288633e-01 8.77731825e-02 3.08721727e-02 1.00835764e-01 -6.71379139e-02 9.92635340e-01 2.54923927e-01
9.70350707e-01 2.24574194e-01 -8.93586810e-02 -2.63743995e-01 -2.17152734e-01 9.72371047e-01 8.56682930e-02 2.97651992e-02 1.06128728e-01 -6.37236654e-02 9.92308574e-01 2.53981009e-01
9.69589882e-01 2.25466651e-01 -9.51802133e-02 -2.56704625e-01 -2.17851657e-01 9.72350516e-01 8.41131070e-02 2.84422638e-02 1.11513275e-01 -6.08199095e-02 9.91900221e-01 2.53177775e-01
9.68643321e-01 2.26554003e-01 -1.01992533e-01 -2.49254099e-01 -2.18731650e-01 9.72298769e-01 8.24106845e-02 2.72113986e-02 1.17837733e-01 -5.75174216e-02 9.91365894e-01 2.52515398e-01
9.67640925e-01 2.27827993e-01 -1.08464405e-01 -2.41746664e-01 -2.19807424e-01 9.72169211e-01 8.10657943e-02 2.58104293e-02 1.23914868e-01 -5.46011550e-02 9.90789637e-01 2.51560556e-01
9.66427363e-01 2.29474352e-01 -1.15580110e-01 -2.34190693e-01 -2.21184027e-01 9.71925663e-01 8.02369505e-02 2.44211382e-02 1.30747665e-01 -5.19785617e-02 9.90052299e-01 2.50992321e-01
9.65268008e-01 2.30755890e-01 -1.22509327e-01 -2.27041027e-01 -2.22168051e-01 9.71733643e-01 7.98438253e-02 2.28645122e-02 1.37470930e-01 -4.98528820e-02 9.89250613e-01 2.50329195e-01
9.64049124e-01 2.32221532e-01 -1.29157148e-01 -2.20050377e-01 -2.23361953e-01 9.71487761e-01 7.95042323e-02 2.11807709e-02 1.43937251e-01 -4.77970431e-02 9.88431998e-01 2.49122853e-01
9.62715529e-01 2.34164583e-01 -1.35443035e-01 -2.13151525e-01 -2.25049928e-01 9.71114262e-01 7.93067733e-02 1.96955120e-02 1.50101572e-01 -4.58682688e-02 9.87606128e-01 2.47925862e-01
9.61407372e-01 2.36290190e-01 -1.40932375e-01 -2.06749069e-01 -2.26991345e-01 9.70687816e-01 7.89945639e-02 1.82877278e-02 1.55467044e-01 -4.39553766e-02 9.86862837e-01 2.46713235e-01
9.60150230e-01 2.38153610e-01 -1.46265103e-01 -2.00436121e-01 -2.28704183e-01 9.70318743e-01 7.85872334e-02 1.66984812e-02 1.60639676e-01 -4.20039598e-02 9.86119075e-01 2.45347640e-01
9.58791460e-01 2.40082289e-01 -1.51916151e-01 -1.93866251e-01 -2.30441994e-01 9.69920170e-01 7.84305939e-02 1.49121744e-02 1.66176413e-01 -4.01905720e-02 9.85276804e-01 2.43886343e-01
9.57647513e-01 2.41136368e-01 -1.57364447e-01 -1.87567043e-01 -2.31450156e-01 9.69755018e-01 7.74988345e-02 1.35707412e-02 1.71292829e-01 -3.77943902e-02 9.84495081e-01 2.43456605e-01
9.56486035e-01 2.41921081e-01 -1.63118874e-01 -1.81288061e-01 -2.32237953e-01 9.69660336e-01 7.63181808e-02 1.24012588e-02 1.76632953e-01 -3.51147284e-02 9.83650362e-01 2.43329634e-01
9.55458938e-01 2.41768783e-01 -1.69248905e-01 -1.74800268e-01 -2.32050178e-01 9.69782913e-01 7.53258599e-02 1.08768467e-02 1.82346211e-01 -3.26963757e-02 9.82690725e-01 2.43185471e-01
9.54272588e-01 2.41632842e-01 -1.76001615e-01 -1.68054486e-01 -2.31861389e-01 9.69897144e-01 7.44313683e-02 9.35221569e-03 1.88688601e-01 -3.02196817e-02 9.81572041e-01 2.43478417e-01
9.53033599e-01 2.41624142e-01 -1.82603266e-01 -1.61390008e-01 -2.31835048e-01 9.69973998e-01 7.35066091e-02 7.81561165e-03 1.94881462e-01 -2.77202759e-02 9.80435177e-01 2.43822265e-01
9.51728898e-01 2.41838328e-01 -1.89011873e-01 -1.55035457e-01 -2.32092938e-01 9.69992632e-01 7.24390073e-02 6.70815946e-03 2.00858720e-01 -2.50738196e-02 9.79299455e-01 2.45245795e-01
9.50517759e-01 2.41668955e-01 -1.95221311e-01 -1.48740906e-01 -2.31923989e-01 9.70089730e-01 7.16761207e-02 5.33954734e-03 2.06704154e-01 -2.28527620e-02 9.78136764e-01 2.46418064e-01
9.49237337e-01 2.41590525e-01 -2.01448916e-01 -1.42486880e-01 -2.31872316e-01 9.70160193e-01 7.08847351e-02 3.99574161e-03 2.12562883e-01 -2.05758523e-02 9.76930882e-01 2.47748884e-01
9.47967446e-01 2.41694531e-01 -2.07221231e-01 -1.36607480e-01 -2.32155873e-01 9.70188722e-01 6.95540828e-02 2.91510904e-03 2.17854617e-01 -1.78272214e-02 9.75818568e-01 2.49229727e-01
9.46541678e-01 2.42575681e-01 -2.12638194e-01 -1.31085672e-01 -2.33356584e-01 9.70023030e-01 6.78252733e-02 2.18424007e-03 2.22716785e-01 -1.45787655e-02 9.74774318e-01 2.51003549e-01
9.44863514e-01 2.43860471e-01 -2.18550013e-01 -1.25431759e-01 -2.34862675e-01 9.69740445e-01 6.66581739e-02 1.33014226e-03 2.28192154e-01 -1.16534751e-02 9.73546499e-01 2.53139914e-01
9.43340318e-01 2.45214101e-01 -2.23557812e-01 -1.20217680e-01 -2.36421403e-01 9.69426007e-01 6.57146639e-02 3.10028708e-04 2.32836993e-01 -9.13727966e-03 9.72472946e-01 2.55015392e-01
9.41905342e-01 2.46857057e-01 -2.27760654e-01 -1.15419014e-01 -2.38390058e-01 9.69031048e-01 6.44150683e-02 -5.73588032e-04 2.36608532e-01 -6.37685936e-03 9.71584236e-01 2.56522155e-01
9.40623063e-01 2.48165392e-01 -2.31605661e-01 -1.10826795e-01 -2.39973540e-01 9.68709468e-01 6.33639292e-02 -1.54554894e-03 2.40083389e-01 -4.02217957e-03 9.70744078e-01 2.57741932e-01
9.39542526e-01 2.48816171e-01 -2.35264382e-01 -1.06545619e-01 -2.40853842e-01 9.68548738e-01 6.24747427e-02 -2.61921237e-03 2.43409811e-01 -2.03318333e-03 9.69921512e-01 2.58689299e-01
9.38420120e-01 2.49809338e-01 -2.38667112e-01 -1.02530040e-01 -2.42179481e-01 9.68295164e-01 6.12694239e-02 -3.44852090e-03 2.46405953e-01 3.03982308e-04 9.69166763e-01 2.59920096e-01
9.37686250e-01 2.50361355e-01 -2.40961992e-01 -9.90885094e-02 -2.42989479e-01 9.68150618e-01 6.03394869e-02 -4.38835109e-03 2.48394253e-01 1.97188733e-03 9.68657080e-01 2.60401085e-01
9.37107613e-01 2.50862176e-01 -2.42685785e-01 -9.60043890e-02 -2.43675721e-01 9.68017675e-01 5.97009022e-02 -5.38422579e-03 2.49900912e-01 3.19062991e-03 9.68266187e-01 2.60440394e-01
9.36466717e-01 2.50832905e-01 -2.45177192e-01 -9.25180216e-02 -2.43858717e-01 9.68019526e-01 5.89185912e-02 -6.52818370e-03 2.52115118e-01 4.61346248e-03 9.67686280e-01 2.60222452e-01
9.35865516e-01 2.50895621e-01 -2.47398552e-01 -8.92937854e-02 -2.44165552e-01 9.67995176e-01 5.80420765e-02 -7.63790482e-03 2.54043185e-01 6.08679357e-03 9.67173749e-01 2.59958087e-01
9.35316492e-01 2.51113960e-01 -2.49246282e-01 -8.63117160e-02 -2.44662906e-01 9.67927794e-01 5.70632751e-02 -8.75345091e-03 2.55581860e-01 7.60926567e-03 9.66757489e-01 2.59293771e-01
9.34614251e-01 2.51620758e-01 -2.51360446e-01 -8.30643028e-02 -2.45437736e-01 9.67782595e-01 5.61920650e-02 -1.00149093e-02 2.57401425e-01 9.17560277e-03 9.66261017e-01 2.58576019e-01
9.33912863e-01 2.52165009e-01 -2.53413573e-01 -7.99073340e-02 -2.46165128e-01 9.67628532e-01 5.56606341e-02 -1.14114962e-02 2.59245939e-01 1.03995717e-02 9.65755375e-01 2.57840677e-01
9.33150105e-01 2.52988554e-01 -2.55394869e-01 -7.67615410e-02 -2.47180337e-01 9.67399039e-01 5.51476557e-02 -1.28635969e-02 2.61020561e-01 1.16677185e-02 9.65262744e-01 2.56984879e-01
9.32354051e-01 2.54061671e-01 -2.57230463e-01 -7.37067594e-02 -2.48405624e-01 9.67103663e-01 5.48220231e-02 -1.43958998e-02 2.62696789e-01 1.27841278e-02 9.64793761e-01 2.56028178e-01
9.31625119e-01 2.55034013e-01 -2.58903798e-01 -7.08112799e-02 -2.49523184e-01 9.66833505e-01 5.45115612e-02 -1.59982752e-02 2.64219244e-01 1.38183306e-02 9.64363674e-01 2.55179473e-01
9.30636001e-01 2.55975225e-01 -2.61519016e-01 -6.75595487e-02 -2.50670526e-01 9.66563056e-01 5.40421470e-02 -1.75557201e-02 2.66608138e-01 1.52617134e-02 9.63684191e-01 2.54373837e-01
9.29638813e-01 2.57138940e-01 -2.63912961e-01 -6.44143912e-02 -2.51976998e-01 9.66234624e-01 5.38389764e-02 -1.92679488e-02 2.68845995e-01 1.64493660e-02 9.63042729e-01 2.53672903e-01
9.28554563e-01 2.58295548e-01 -2.66587090e-01 -6.12344038e-02 -2.53363885e-01 9.65898479e-01 5.33595120e-02 -2.08535430e-02 2.71278660e-01 1.79964950e-02 9.62332609e-01 2.53084600e-01
9.27448814e-01 2.59465913e-01 -2.69285992e-01 -5.80815667e-02 -2.54652991e-01 9.65562691e-01 5.32997124e-02 -2.26284988e-02 2.73842037e-01 1.91419010e-02 9.61584202e-01 2.52729510e-01
9.26400621e-01 2.60652916e-01 -2.71736616e-01 -5.52583456e-02 -2.55964146e-01 9.65220291e-01 5.32207617e-02 -2.43471313e-02 2.76157929e-01 2.02512571e-02 9.60898901e-01 2.52357144e-01
9.25254374e-01 2.62076883e-01 -2.74260657e-01 -5.23591644e-02 -2.57458182e-01 9.64813850e-01 5.33835143e-02 -2.62532759e-02 2.78601161e-01 2.12174931e-02 9.60172493e-01 2.51947321e-01
9.24154088e-01 2.63380269e-01 -2.76710995e-01 -4.94901844e-02 -2.58877596e-01 9.64434345e-01 5.33773048e-02 -2.80701310e-02 2.80928202e-01 2.23055955e-02 9.59469577e-01 2.51376592e-01
9.23391738e-01 2.64653919e-01 -2.78037565e-01 -4.71943568e-02 -2.60044270e-01 9.64083429e-01 5.40416446e-02 -3.01225538e-02 2.82353818e-01 2.24006414e-02 9.59048799e-01 2.50255555e-01
9.23088240e-01 2.65493818e-01 -2.78244432e-01 -4.57663419e-02 -2.60922359e-01 9.63845391e-01 5.40549955e-02 -3.20031750e-02 2.82535956e-01 2.27028376e-02 9.58988026e-01 2.48328806e-01
9.22997009e-01 2.66165982e-01 -2.77904733e-01 -4.51033320e-02 -2.61597856e-01 9.63658854e-01 5.41158292e-02 -3.39594380e-02 2.82209231e-01 2.27507083e-02 9.59083087e-01 2.45776719e-01
9.22922216e-01 2.66984528e-01 -2.77367555e-01 -4.51171816e-02 -2.62346560e-01 9.63437588e-01 5.44308027e-02 -3.60600957e-02 2.81758582e-01 2.25312005e-02 9.59220792e-01 2.43044014e-01
9.22551387e-01 2.69198790e-01 -2.76459682e-01 -4.57323542e-02 -2.64367126e-01 9.62832945e-01 5.53465366e-02 -3.86443401e-02 2.81083771e-01 2.20269996e-02 9.59430502e-01 2.39869529e-01
9.21804091e-01 2.72441309e-01 -2.75775170e-01 -4.67916073e-02 -2.67306252e-01 9.61935724e-01 5.68105371e-02 -4.17155503e-02 2.80755599e-01 2.13484128e-02 9.59541922e-01 2.36985185e-01
9.21107877e-01 2.75697713e-01 -2.74863574e-01 -4.80659006e-02 -2.70151591e-01 9.61031245e-01 5.86299677e-02 -4.53291193e-02 2.80316692e-01 2.02504778e-02 9.59694031e-01 2.33697615e-01
9.20967691e-01 2.77706270e-01 -2.73306975e-01 -4.99613158e-02 -2.71480025e-01 9.60499769e-01 6.11487496e-02 -4.92006561e-02 2.79492753e-01 1.78815314e-02 9.59981350e-01 2.30272643e-01
9.21188109e-01 2.78978386e-01 -2.71260997e-01 -5.21120534e-02 -2.72133770e-01 9.60172870e-01 6.33375321e-02 -5.33137868e-02 2.78127333e-01 1.54736642e-02 9.60419651e-01 2.26519282e-01
9.22434358e-01 2.77010060e-01 -2.69033996e-01 -5.46740510e-02 -2.69794065e-01 9.60774448e-01 6.42179388e-02 -5.78229835e-02 2.76270090e-01 1.33471086e-02 9.60987444e-01 2.22162893e-01
9.25244522e-01 2.70716350e-01 -2.65770850e-01 -5.78460746e-02 -2.63307424e-01 9.62597400e-01 6.38408742e-02 -6.17479300e-02 2.73113200e-01 1.09111849e-02 9.61920062e-01 2.17784037e-01
9.28407808e-01 2.62383652e-01 -2.63082996e-01 -6.00340188e-02 -2.54506751e-01 9.64935894e-01 6.42279881e-02 -6.61054035e-02 2.70710704e-01 7.32679719e-03 9.62632898e-01 2.13052601e-01
9.32430086e-01 2.51512383e-01 -2.59450567e-01 -6.23203536e-02 -2.43715355e-01 9.67840743e-01 6.23484943e-02 -6.95739400e-02 2.66788350e-01 5.09663820e-03 9.63741723e-01 2.07845722e-01
9.37217912e-01 2.37433574e-01 -2.55434641e-01 -6.45731125e-02 -2.29933413e-01 9.71398754e-01 5.92907027e-02 -7.28031550e-02 2.62206592e-01 3.16481272e-03 9.65006622e-01 2.02986541e-01
9.42297138e-01 2.22847553e-01 -2.49827958e-01 -6.75609451e-02 -2.15882172e-01 9.74851752e-01 5.53104655e-02 -7.56815339e-02 2.55871115e-01 1.81467114e-03 9.66709254e-01 1.98245101e-01
9.47664516e-01 2.06923492e-01 -2.43133029e-01 -7.09493074e-02 -2.00789843e-01 9.78356277e-01 5.00278560e-02 -7.80527040e-02 2.48222752e-01 1.40918124e-03 9.68702047e-01 1.93582025e-01
9.53169777e-01 1.90472339e-01 -2.34918613e-01 -7.46436233e-02 -1.85577869e-01 9.81689223e-01 4.29824221e-02 -7.97127854e-02 2.38804114e-01 2.62631367e-03 9.71064345e-01 1.88593268e-01
9.58026179e-01 1.72662346e-01 -2.28850599e-01 -7.69108819e-02 -1.68741036e-01 9.84975307e-01 3.67478408e-02 -8.19564951e-02 2.31757245e-01 3.41125847e-03 9.72767789e-01 1.83825237e-01
9.60921064e-01 1.54415966e-01 -2.29750796e-01 -7.52355652e-02 -1.50538549e-01 9.88004907e-01 3.44199659e-02 -8.59599941e-02 2.32310000e-01 1.51164510e-03 9.72640716e-01 1.80777660e-01
9.62701602e-01 1.36112132e-01 -2.33833626e-01 -7.14575084e-02 -1.31713242e-01 9.90690912e-01 3.44024071e-02 -9.06967716e-02 2.36339521e-01 -2.32010514e-03 9.71667875e-01 1.79940411e-01
9.63667335e-01 1.18451190e-01 -2.39402744e-01 -6.69021867e-02 -1.12733591e-01 9.92918042e-01 3.74873926e-02 -9.63697896e-02 2.42147828e-01 -9.13648511e-03 9.70196448e-01 1.80160835e-01
9.63879895e-01 1.02738376e-01 -2.45722244e-01 -6.16711104e-02 -9.54346895e-02 9.94571154e-01 4.14817728e-02 -1.02065404e-01 2.48650143e-01 -1.65328640e-02 9.68452333e-01 1.80946697e-01
9.63820940e-01 8.78082364e-02 -2.51670490e-01 -5.63238619e-02 -7.84439457e-02 9.95809107e-01 4.70228771e-02 -1.08132683e-01 2.54744884e-01 -2.55794542e-02 9.66670001e-01 1.82122521e-01
9.63146079e-01 7.37736491e-02 -2.58662364e-01 -5.04209469e-02 -6.18166546e-02 9.96622035e-01 5.40701935e-02 -1.14496321e-01 2.61777697e-01 -3.60877030e-02 9.64453358e-01 1.83865614e-01
9.62170278e-01 5.89950735e-02 -2.65983434e-01 -4.45188958e-02 -4.42461283e-02 9.97149971e-01 6.11112515e-02 -1.20662849e-01 2.68830777e-01 -4.70305436e-02 9.62038658e-01 1.86127419e-01
9.60738839e-01 4.52373850e-02 -2.73740268e-01 -3.82664683e-02 -2.72140172e-02 9.97225785e-01 6.92856708e-02 -1.27022162e-01 2.76115304e-01 -5.91157175e-02 9.59304913e-01 1.88889494e-01
9.59033708e-01 3.09344380e-02 -2.81596810e-01 -3.20185619e-02 -9.42143399e-03 9.96953312e-01 7.74322478e-02 -1.33100839e-01 2.83134338e-01 -7.16069453e-02 9.56403544e-01 1.91873413e-01
9.57428046e-01 1.64649101e-02 -2.88200989e-01 -2.64703044e-02 8.57495283e-03 9.96309585e-01 8.54056907e-02 -1.38797362e-01 2.88543749e-01 -8.42409741e-02 9.53753795e-01 1.94840616e-01
9.55880181e-01 1.89923298e-03 -2.93749659e-01 -2.14744777e-02 2.64155102e-02 9.95372374e-01 9.23931704e-02 -1.43559684e-01 2.92565926e-01 -9.60762110e-02 9.51406788e-01 1.98012212e-01
9.54189338e-01 -1.28147840e-02 -2.98927813e-01 -1.66629703e-02 4.41993991e-02 9.94158474e-01 9.84673441e-02 -1.47677215e-01 2.95919926e-01 -1.07168791e-01 9.49182061e-01 2.01428238e-01
9.52226655e-01 -2.72278876e-02 -3.04174983e-01 -1.19842747e-02 6.19970534e-02 9.92512765e-01 1.05239358e-01 -1.51813007e-01 2.99032248e-01 -1.19069551e-01 9.46785358e-01 2.05024090e-01
9.50257520e-01 -4.11637308e-02 -3.08732057e-01 -7.77444944e-03 7.92370666e-02 9.90565432e-01 1.11812850e-01 -1.55644101e-01 3.01216813e-01 -1.30713911e-01 9.44554184e-01 2.08573737e-01
9.48057244e-01 -5.36237215e-02 -3.13546252e-01 -3.71160970e-03 9.49805568e-02 9.88444061e-01 1.18141785e-01 -1.59255559e-01 3.03587886e-01 -1.41785860e-01 9.42195019e-01 2.12167930e-01
9.45668461e-01 -6.34993704e-02 -3.18870281e-01 3.99351940e-04 1.08577548e-01 9.86117575e-01 1.25632528e-01 -1.63143155e-01 3.06466159e-01 -1.53428773e-01 9.39435124e-01 2.15829924e-01
9.42972521e-01 -7.16581038e-02 -3.25064961e-01 4.64795980e-03 1.20839452e-01 9.83626385e-01 1.33706959e-01 -1.67105842e-01 3.10161433e-01 -1.65362570e-01 9.36191943e-01 2.19500554e-01
9.40143825e-01 -7.84059846e-02 -3.31634361e-01 8.76556675e-03 1.32151394e-01 9.80900572e-01 1.42725910e-01 -1.71313830e-01 3.14109904e-01 -1.78008741e-01 9.32549267e-01 2.23219654e-01
9.37043684e-01 -8.38390141e-02 -3.38997675e-01 1.32577213e-02 1.42771265e-01 9.77890737e-01 1.52795979e-01 -1.75993682e-01 3.18692577e-01 -1.91575547e-01 9.28296347e-01 2.26798436e-01
9.33675073e-01 -8.84639625e-02 -3.47021928e-01 1.79616040e-02 1.52601507e-01 9.74911511e-01 1.62052183e-01 -1.80408927e-01 3.23980041e-01 -2.04260081e-01 9.23750501e-01 2.30355577e-01
9.30283530e-01 -9.18016469e-02 -3.55167913e-01 2.26665814e-02 1.61451207e-01 9.71831171e-01 1.71692533e-01 -1.84892189e-01 3.29401722e-01 -2.17064956e-01 9.18900206e-01 2.33974016e-01
9.27010679e-01 -9.42479762e-02 -3.62998282e-01 2.73103808e-02 1.68885624e-01 9.69121110e-01 1.79673151e-01 -1.88955659e-01 3.34855619e-01 -2.27864041e-01 9.14302999e-01 2.37126335e-01
9.23781042e-01 -9.76789662e-02 -3.70252219e-01 3.17939517e-02 1.76510916e-01 9.66686909e-01 1.85366643e-01 -1.92317191e-01 3.39811731e-01 -2.36591660e-01 9.10248669e-01 2.39650132e-01
9.20676090e-01 -1.00346619e-01 -3.77207380e-01 3.61427923e-02 1.83245624e-01 9.64392120e-01 1.90707636e-01 -1.95663838e-01 3.44639139e-01 -2.44701481e-01 9.06281031e-01 2.42065035e-01
9.17686928e-01 -1.02380023e-01 -3.83885880e-01 4.04080350e-02 1.88966882e-01 9.62415799e-01 1.95058562e-01 -1.98710521e-01 3.49487930e-01 -2.51544325e-01 9.02543008e-01 2.44191983e-01
9.15013300e-01 -1.05205820e-01 -3.89463356e-01 4.41578724e-02 1.94490162e-01 9.60839362e-01 1.97387339e-01 -2.01172303e-01 3.53445622e-01 -2.56358749e-01 8.99642495e-01 2.46010294e-01
9.12549081e-01 -1.07496057e-01 -3.94585926e-01 4.77799156e-02 1.99000785e-01 9.59624546e-01 1.98795914e-01 -2.03208909e-01 3.57284772e-01 -2.59933853e-01 8.97096537e-01 2.47716966e-01
9.10489794e-01 -1.09041802e-01 -3.98895349e-01 5.11931688e-02 2.02871765e-01 9.58335077e-01 2.01090413e-01 -2.05676977e-01 3.60348350e-01 -2.64015295e-01 8.94676029e-01 2.49102698e-01
9.08641597e-01 -1.10410428e-01 -4.02714834e-01 5.44033728e-02 2.06403720e-01 9.57114074e-01 2.03299116e-01 -2.08201580e-01 3.62997914e-01 -2.67847799e-01 8.92463015e-01 2.50265203e-01
9.06768207e-01 -1.11471490e-01 -4.06626059e-01 5.76672514e-02 2.09753150e-01 9.55870981e-01 2.05705105e-01 -2.10866164e-01 3.65752034e-01 -2.71817872e-01 8.90135167e-01 2.51522212e-01
9.05299876e-01 -1.12610139e-01 -4.09573317e-01 6.03335562e-02 2.12594690e-01 9.54883457e-01 2.07367803e-01 -2.13172110e-01 3.67743311e-01 -2.74803097e-01 8.88396419e-01 2.52811232e-01
9.04341737e-01 -1.13319174e-01 -4.11490013e-01 6.26555905e-02 2.14963563e-01 9.53830594e-01 2.09757627e-01 -2.15800603e-01 3.68722422e-01 -2.78147872e-01 8.86948529e-01 2.54066201e-01
9.03579684e-01 -1.13594708e-01 -4.13084988e-01 6.51464615e-02 2.16993622e-01 9.52727878e-01 2.12658728e-01 -2.18714761e-01 3.69400898e-01 -2.81790856e-01 8.85515117e-01 2.55028184e-01
9.03155979e-01 -1.14807455e-01 -4.13675817e-01 6.68523401e-02 2.17994456e-01 9.52753396e-01 2.11517712e-01 -2.19914007e-01 3.69847437e-01 -2.81212467e-01 8.85512596e-01 2.55666382e-01
9.02691098e-01 -1.16067241e-01 -4.14338492e-01 6.87185533e-02 2.18725983e-01 9.53018914e-01 2.09557328e-01 -2.20924636e-01 3.70549898e-01 -2.79792070e-01 8.85668847e-01 2.55947241e-01
9.02299388e-01 -1.19471424e-01 -4.14224206e-01 7.01023373e-02 2.19586927e-01 9.54216930e-01 2.03106022e-01 -2.20042107e-01 3.70994605e-01 -2.74220585e-01 8.87223913e-01 2.56225643e-01
9.01674591e-01 -1.23165107e-01 -4.14502895e-01 7.17908010e-02 2.21082527e-01 9.55126839e-01 1.97118326e-01 -2.19347926e-01 3.71624978e-01 -2.69375841e-01 8.88443441e-01 2.56510138e-01
9.01001089e-01 -1.26088766e-01 -4.15087980e-01 7.35896686e-02 2.22371940e-01 9.55799724e-01 1.92348816e-01 -2.19164892e-01 3.72488170e-01 -2.65610324e-01 8.89215367e-01 2.56749380e-01
9.00625207e-01 -1.28883998e-01 -4.15045237e-01 7.49681502e-02 2.23587634e-01 9.56341918e-01 1.88199773e-01 -2.19183152e-01 3.72669429e-01 -2.62296338e-01 8.90122712e-01 2.56794014e-01
9.00278966e-01 -1.30760116e-01 -4.15209507e-01 7.65303706e-02 2.23875988e-01 9.57090016e-01 1.84007301e-01 -2.19101442e-01 3.73332261e-01 -2.58613242e-01 8.90922285e-01 2.56773480e-01
8.99704606e-01 -1.32639659e-01 -4.15857826e-01 7.80443209e-02 2.24355421e-01 9.57756504e-01 1.79910187e-01 -2.18938118e-01 3.74427493e-01 -2.55165888e-01 8.91456540e-01 2.57230249e-01
8.99332859e-01 -1.35319928e-01 -4.15798534e-01 7.91251081e-02 2.24746231e-01 9.58740667e-01 1.74086465e-01 -2.17960679e-01 3.75085767e-01 -2.50010723e-01 8.92639757e-01 2.57363145e-01
8.98741776e-01 -1.37605742e-01 -4.16326004e-01 8.03507453e-02 2.24946402e-01 9.59709846e-01 1.68394712e-01 -2.16904047e-01 3.76380247e-01 -2.44994299e-01 8.93485377e-01 2.57647652e-01
8.98274967e-01 -1.39185338e-01 -4.16808054e-01 8.18140749e-02 2.25039503e-01 9.60400765e-01 1.64280896e-01 -2.16520487e-01 3.77437451e-01 -2.41367598e-01 8.94026302e-01 2.57448486e-01
8.97831011e-01 -1.40842594e-01 -4.17207700e-01 8.31458869e-02 2.25131603e-01 9.61096253e-01 1.60032547e-01 -2.15867743e-01 3.78437508e-01 -2.37608727e-01 8.94610283e-01 2.57321156e-01
8.97272570e-01 -1.41802463e-01 -4.18083093e-01 8.44823922e-02 2.25113092e-01 9.61604223e-01 1.56978174e-01 -2.15548765e-01 3.79770719e-01 -2.34968092e-01 8.94742778e-01 2.57500882e-01
8.96470383e-01 -1.42669735e-01 -4.19506448e-01 8.58284185e-02 2.25235900e-01 9.62033951e-01 1.54143418e-01 -2.15083911e-01 3.81587976e-01 -2.32672823e-01 8.94569419e-01 2.58011308e-01
8.95623970e-01 -1.43695954e-01 -4.20961562e-01 8.70650900e-02 2.25736328e-01 9.62290875e-01 1.51789452e-01 -2.14707803e-01 3.83276083e-01 -2.30972481e-01 8.94288338e-01 2.58459861e-01
8.94724952e-01 -1.44548954e-01 -4.22578210e-01 8.83022197e-02 2.26408867e-01 9.62385753e-01 1.50177555e-01 -2.14535912e-01 3.84975392e-01 -2.30042938e-01 8.93797905e-01 2.58944215e-01
8.93697296e-01 -1.45323663e-01 -4.24482790e-01 8.96038845e-02 2.26938922e-01 9.62558804e-01 1.48255890e-01 -2.14177784e-01 3.87044729e-01 -2.28827430e-01 8.93216018e-01 2.59368689e-01
8.92818890e-01 -1.45718348e-01 -4.26192574e-01 9.08855529e-02 2.27473354e-01 9.62560924e-01 1.47420797e-01 -2.14175911e-01 3.88754590e-01 -2.28567398e-01 8.92539789e-01 2.59516582e-01
8.92061015e-01 -1.45281779e-01 -4.27925119e-01 9.23068887e-02 2.27713481e-01 9.62422870e-01 1.47950507e-01 -2.14658626e-01 3.90350593e-01 -2.29425060e-01 8.91622714e-01 2.59297949e-01
8.91668575e-01 -1.44360172e-01 -4.29053408e-01 9.34807382e-02 2.27512694e-01 9.62301623e-01 1.49043961e-01 -2.15302790e-01 3.91362965e-01 -2.30512777e-01 8.90898075e-01 2.58717929e-01
