1.00000000e+00 0.00000000e+00 0.00000000e+00 0.00000000e+00 0.00000000e+00 1.00000000e+00 0.00000000e+00 0.00000000e+00 0.00000000e+00 0.00000000e+00 1.00000000e+00 0.00000000e+00
9.99999686e-01 -1.30435758e-05 -8.19240700e-04 7.21200849e-04 1.41544403e-05 9.99999055e-01 1.35597644e-03 -5.64874847e-04 8.19222272e-04 -1.35598755e-03 9.99998742e-01 -1.54577555e-03
9.99998685e-01 -2.59532696e-05 -1.62060745e-03 1.42055501e-03 3.03491887e-05 9.99996269e-01 2.71254759e-03 -1.13183465e-03 1.62053113e-03 -2.71259315e-03 9.99994955e-01 -3.09070424e-03
9.99997094e-01 -3.59320855e-05 -2.40576522e-03 2.10404737e-03 4.57182058e-05 9.99991649e-01 4.06784709e-03 -1.70005152e-03 2.40559920e-03 -4.06794524e-03 9.99988745e-01 -4.64031463e-03
9.99994972e-01 -4.83369116e-05 -3.16930977e-03 2.76518746e-03 6.55128752e-05 9.99985216e-01 5.41958465e-03 -2.26815676e-03 3.16900132e-03 -5.41976495e-03 9.99980192e-01 -6.19272529e-03
9.99992378e-01 -6.79271810e-05 -3.89584023e-03 3.38730702e-03 9.43198731e-05 9.99976926e-01 6.77479866e-03 -2.83884318e-03 3.89529071e-03 -6.77511473e-03 9.99969312e-01 -7.74892839e-03
9.99989497e-01 -9.64183040e-05 -4.57689338e-03 3.95727218e-03 1.33634436e-04 9.99966781e-01 8.13169854e-03 -3.41279408e-03 4.57595813e-03 -8.13222495e-03 9.99956293e-01 -9.29314876e-03
9.99986545e-01 -1.31515801e-04 -5.18022689e-03 4.42472118e-03 1.80677262e-04 9.99954825e-01 9.49089082e-03 -3.98915575e-03 5.17874519e-03 -9.49169934e-03 9.99941399e-01 -1.08204129e-02
9.99983871e-01 -1.65269312e-04 -5.67166252e-03 4.73656182e-03 2.26808587e-04 9.99941005e-01 1.08513821e-02 -4.56655219e-03 5.66953469e-03 -1.08524938e-02 9.99924920e-01 -1.23203895e-02
9.99980748e-01 -1.91588665e-04 -6.19432452e-03 5.09282749e-03 2.67236179e-04 9.99925305e-01 1.22138763e-02 -5.14689508e-03 6.19152165e-03 -1.22152971e-02 9.99906113e-01 -1.38289639e-02
9.99977241e-01 -2.19254739e-04 -6.73195713e-03 5.47062244e-03 3.10557718e-04 9.99907862e-01 1.35645765e-02 -5.72413751e-03 6.72836287e-03 -1.35663596e-02 9.99885182e-01 -1.53447060e-02
9.99974150e-01 -2.57185197e-04 -7.17787573e-03 5.73481123e-03 3.64209639e-04 9.99888626e-01 1.49130030e-02 -6.30202773e-03 7.17324121e-03 -1.49152324e-02 9.99862883e-01 -1.68430914e-02
9.99971449e-01 -3.09291623e-04 -7.54171435e-03 5.86210631e-03 4.31945092e-04 9.99867460e-01 1.62671402e-02 -6.88481552e-03 7.53568414e-03 -1.62699342e-02 9.99839061e-01 -1.83132463e-02
9.99968412e-01 -3.67384665e-04 -7.92948537e-03 6.01627200e-03 5.07015911e-04 9.99844584e-01 1.76142979e-02 -7.46683335e-03 7.92178267e-03 -1.76177632e-02 9.99813206e-01 -1.98043010e-02
9.99965262e-01 -4.18827902e-04 -8.31292081e-03 6.16372899e-03 5.76447186e-04 9.99819768e-01 1.89674267e-02 -8.05176984e-03 8.30347973e-03 -1.89715617e-02 9.99785300e-01 -2.12968852e-02
9.99962921e-01 -4.71017256e-04 -8.58938430e-03 6.16574864e-03 6.45687081e-04 9.99792664e-01 2.03441239e-02 -8.64531960e-03 8.57802215e-03 -2.03489167e-02 9.99755924e-01 -2.27565465e-02
9.99960424e-01 -5.14556922e-04 -8.87492403e-03 6.17892013e-03 7.07253921e-04 9.99763612e-01 2.17230682e-02 -9.24210591e-03 8.86164951e-03 -2.17284858e-02 9.99724440e-01 -2.42229533e-02
9.99958887e-01 -5.46986659e-04 -9.04283515e-03 6.02881157e-03 7.55651240e-04 9.99733011e-01 2.30878409e-02 -9.83395784e-03 9.02779284e-03 -2.30937261e-02 9.99692356e-01 -2.56748629e-02
9.99957845e-01 -5.86831578e-04 -9.15408873e-03 5.79038166e-03 8.10779949e-04 9.99699835e-01 2.44798049e-02 -1.04346272e-02 9.13697654e-03 -2.44861964e-02 9.99658204e-01 -2.70930862e-02
9.99956620e-01 -6.05583686e-04 -9.28475634e-03 5.56332443e-03 8.45598418e-04 9.99664830e-01 2.58683132e-02 -1.10369762e-02 9.26598020e-03 -2.58750442e-02 9.99622013e-01 -2.85411614e-02
9.99956604e-01 -6.29792676e-04 -9.28477922e-03 5.15714291e-03 8.82723863e-04 9.99627725e-01 2.72626045e-02 -1.16402657e-02 9.26415455e-03 -2.72696193e-02 9.99584939e-01 -2.99585430e-02
9.99956414e-01 -6.37979009e-04 -9.30469616e-03 4.77706662e-03 9.04489829e-04 9.99588454e-01 2.86665920e-02 -1.22499452e-02 9.28257928e-03 -2.86737606e-02 9.99545501e-01 -3.14121895e-02
9.99956762e-01 -6.36375988e-04 -9.26723594e-03 4.30528211e-03 9.14954837e-04 9.99546688e-01 3.00874767e-02 -1.28700021e-02 9.24388911e-03 -3.00946571e-02 9.99504090e-01 -3.28367146e-02
9.99956760e-01 -6.31256200e-04 -9.26782204e-03 3.86726272e-03 9.23083911e-04 9.99502590e-01 3.15178421e-02 -1.34944659e-02 9.24331756e-03 -3.15250365e-02 9.99459992e-01 -3.42893501e-02
9.99956883e-01 -6.45511230e-04 -9.25347605e-03 3.39876117e-03 9.49938366e-04 9.99456978e-01 3.29321313e-02 -1.41140912e-02 9.22719418e-03 -3.29395040e-02 9.99414536e-01 -3.57468724e-02
9.99957722e-01 -6.58002437e-04 -9.16097285e-03 2.85261767e-03 9.72230271e-04 9.99409644e-01 3.43386262e-02 -1.47336203e-02 9.13297032e-03 -3.43460837e-02 9.99368070e-01 -3.71978171e-02
9.99958781e-01 -6.66584926e-04 -9.04314650e-03 2.26996061e-03 9.89277010e-04 9.99360977e-01 3.57262039e-02 -1.53487387e-02 9.01355396e-03 -3.57336807e-02 9.99320484e-01 -3.86431939e-02
9.99960552e-01 -6.73189278e-04 -8.84231497e-03 1.61345348e-03 1.00088226e-03 9.99310622e-01 3.71076619e-02 -1.59648092e-02 8.81123959e-03 -3.71150530e-02 9.99271916e-01 -4.00821285e-02
9.99962497e-01 -6.94223688e-04 -8.61486364e-03 9.12185501e-04 1.02531950e-03 9.99258370e-01 3.84883979e-02 -1.65842990e-02 8.58175584e-03 -3.84957943e-02 9.99221647e-01 -4.15004742e-02
9.99964631e-01 -7.13381199e-04 -8.36510255e-03 2.00052216e-04 1.04651032e-03 9.99203464e-01 3.98871780e-02 -1.72135704e-02 8.32998589e-03 -3.98945261e-02 9.99168913e-01 -4.29054631e-02
9.99967062e-01 -7.36473067e-04 -8.06910265e-03 -5.42673029e-04 1.06922416e-03 9.99145572e-01 4.13112980e-02 -1.78555175e-02 8.03178474e-03 -4.13185685e-02 9.99113493e-01 -4.43133901e-02
9.99969586e-01 -7.52225080e-04 -7.74944292e-03 -1.31880792e-03 1.08274654e-03 9.99085652e-01 4.27354932e-02 -1.84992748e-02 7.71021176e-03 -4.27425872e-02 9.99056125e-01 -4.57222340e-02
9.99972418e-01 -7.48546665e-04 -7.37386144e-03 -2.15820192e-03 1.07349336e-03 9.99023596e-01 4.41624672e-02 -1.91480021e-02 7.33360521e-03 -4.41691689e-02 9.98996889e-01 -4.71176111e-02
9.99975257e-01 -7.51903299e-04 -6.97491452e-03 -2.98978543e-03 1.06919825e-03 9.98959030e-01 4.55992888e-02 -1.98045214e-02 6.93336915e-03 -4.56056240e-02 9.98935161e-01 -4.85136153e-02
9.99977829e-01 -7.47376082e-04 -6.59447022e-03 -3.82749101e-03 1.05686293e-03 9.98891624e-01 4.70533283e-02 -2.04716867e-02 6.55199588e-03 -4.70592618e-02 9.98870312e-01 -4.99091075e-02
9.99980250e-01 -7.24977574e-04 -6.21720500e-03 -4.65742520e-03 1.02582932e-03 9.98821265e-01 4.85243812e-02 -2.11489153e-02 6.17469894e-03 -4.85298092e-02 9.98802326e-01 -5.12990034e-02
9.99983081e-01 -7.17384037e-04 -5.74602640e-03 -5.57672493e-03 1.00367331e-03 9.98749673e-01 4.99770161e-02 -2.18221611e-02 5.70299053e-03 -4.99819455e-02 9.98733540e-01 -5.26769582e-02
9.99985578e-01 -7.14935042e-04 -5.29749287e-03 -6.48609563e-03 9.86416746e-04 9.98676301e-01 5.14231671e-02 -2.24942732e-02 5.25371735e-03 -5.14276570e-02 9.98662648e-01 -5.40791311e-02
9.99987799e-01 -7.15396166e-04 -4.86544025e-03 -7.38015533e-03 9.71554166e-04 9.98601729e-01 5.28516272e-02 -2.31611128e-02 4.82082824e-03 -5.28557128e-02 9.98590284e-01 -5.55042714e-02
9.99989997e-01 -6.92945491e-04 -4.39599103e-03 -8.32477820e-03 9.30608297e-04 9.98524355e-01 5.42940013e-02 -2.38367757e-02 4.35188259e-03 -5.42975517e-02 9.98515056e-01 -5.69450233e-02
9.99991898e-01 -6.57829723e-04 -3.95074701e-03 -9.25263539e-03 8.76986449e-04 9.98445308e-01 5.57292551e-02 -2.45120090e-02 3.90794586e-03 -5.57322687e-02 9.98437842e-01 -5.83756291e-02
9.99993679e-01 -6.14050091e-04 -3.48102949e-03 -1.02057483e-02 8.11912261e-04 9.98366352e-01 5.71267708e-02 -2.51754205e-02 3.44026556e-03 -5.71292355e-02 9.98360587e-01 -5.98360892e-02
9.99995244e-01 -5.34738063e-04 -3.01567288e-03 -1.11806032e-02 7.10271176e-04 9.98286334e-01 5.85096194e-02 -2.58340116e-02 2.97921924e-03 -5.85114814e-02 9.98282019e-01 -6.13243672e-02
9.99996425e-01 -4.42541905e-04 -2.59987241e-03 -1.21172379e-02 5.97507222e-04 9.98203378e-01 5.99099023e-02 -2.64997917e-02 2.56869013e-03 -5.99112431e-02 9.98200135e-01 -6.28038657e-02
9.99997518e-01 -3.62701725e-04 -2.16335931e-03 -1.30935238e-02 4.94598683e-04 9.98120073e-01 6.12831226e-02 -2.71553005e-02 2.13706614e-03 -6.12840392e-02 9.98117842e-01 -6.43074765e-02
9.99998469e-01 -2.99390234e-04 -1.67896419e-03 -1.41109495e-02 4.03977119e-04 9.98035758e-01 6.26423084e-02 -2.78076653e-02 1.65691296e-03 -6.26428893e-02 9.98034421e-01 -6.58337323e-02
9.99999201e-01 -2.52930645e-04 -1.16215001e-03 -1.51633623e-02 3.26764820e-04 9.97951052e-01 6.39779776e-02 -2.84535129e-02 1.14358799e-03 -6.39783067e-02 9.97950410e-01 -6.73847533e-02
9.99999669e-01 -1.75045254e-04 -6.27016530e-04 -1.62447446e-02 2.15611949e-04 9.97865902e-01 6.52934226e-02 -2.90947161e-02 6.14250172e-04 -6.52935399e-02 9.97865688e-01 -6.89098758e-02
9.99999865e-01 -7.83427845e-05 -1.41797360e-04 -1.72940515e-02 8.76140647e-05 9.97778909e-01 6.66101789e-02 -2.97415423e-02 1.36265004e-04 -6.66101859e-02 9.97778868e-01 -7.04185359e-02
9.99999824e-01 9.93824339e-05 3.12406574e-04 -1.83246055e-02 -1.20377012e-04 9.97689355e-01 6.79381739e-02 -3.03983834e-02 -3.04931878e-04 -6.79382011e-02 9.97689310e-01 -7.19179726e-02
9.99999526e-01 2.71814597e-04 7.84871924e-04 -1.93886453e-02 -3.25553283e-04 9.97595592e-01 6.93007916e-02 -3.10667484e-02 -7.64146872e-04 -6.93010149e-02 9.97595356e-01 -7.33917264e-02
9.99998889e-01 4.25712132e-04 1.31138805e-03 -2.05134439e-02 -5.17320569e-04 9.97499631e-01 7.06674883e-02 -3.17365268e-02 -1.27802417e-03 -7.06680917e-02 9.97498916e-01 -7.48551895e-02
9.99997872e-01 6.34244904e-04 1.85299341e-03 -2.16593697e-02 -7.66092478e-04 9.97401077e-01 7.20426449e-02 -3.24153285e-02 -1.80248411e-03 -7.20439189e-02 9.97399658e-01 -7.63039885e-02
9.99996526e-01 8.72412823e-04 2.40136884e-03 -2.28188110e-02 -1.04638452e-03 9.97299870e-01 7.34263994e-02 -3.31023642e-02 -2.33082607e-03 -7.34286609e-02 9.97297593e-01 -7.77512672e-02
9.99994878e-01 1.08342178e-03 2.92706372e-03 -2.39520620e-02 -1.29938681e-03 9.97196113e-01 7.48177586e-02 -3.37951069e-02 -2.83779700e-03 -7.48211857e-02 9.97192735e-01 -7.91910349e-02
9.99992807e-01 1.19619534e-03 3.52676349e-03 -2.51330247e-02 -1.46151462e-03 9.97090093e-01 7.62142654e-02 -3.44879266e-02 -3.42533379e-03 -7.62188789e-02 9.97085004e-01 -8.06000743e-02
9.99990285e-01 1.28113715e-03 4.15128544e-03 -2.63314166e-02 -1.59954917e-03 9.96980645e-01 7.76301328e-02 -3.51887980e-02 -4.03929658e-03 -7.76360289e-02 9.96973352e-01 -8.19650795e-02
9.99987159e-01 1.32541617e-03 4.83530034e-03 -2.75794053e-02 -1.70331568e-03 9.96872292e-01 7.90071477e-02 -3.58722445e-02 -4.71546002e-03 -7.90143788e-02 9.96862094e-01 -8.33335352e-02
9.99983449e-01 1.38898783e-03 5.53299646e-03 -2.88438381e-02 -1.82916410e-03 9.96763810e-01 8.03617501e-02 -3.65475613e-02 -5.40346950e-03 -8.03705515e-02 9.96750204e-01 -8.47206104e-02
9.99978636e-01 1.47741972e-03 6.32107475e-03 -3.01930458e-02 -1.98876294e-03 9.96657164e-01 8.16696057e-02 -3.72059661e-02 -6.17928516e-03 -8.16804449e-02 9.96639169e-01 -8.61223167e-02
9.99972993e-01 1.57452260e-03 7.13262309e-03 -3.15838417e-02 -2.16083806e-03 9.96550615e-01 8.29552498e-02 -3.78571912e-02 -6.97740627e-03 -8.29684401e-02 9.96527475e-01 -8.75242052e-02
9.99966687e-01 1.66816993e-03 7.94436438e-03 -3.29743228e-02 -2.33176237e-03 9.96440123e-01 8.42677544e-02 -3.85196321e-02 -7.77551172e-03 -8.42834952e-02 9.96411199e-01 -8.89196539e-02
9.99959216e-01 1.78944591e-03 8.80846343e-03 -3.44358357e-02 -2.53644212e-03 9.96331396e-01 8.55379829e-02 -3.91670922e-02 -8.62308430e-03 -8.55568630e-02 9.96295699e-01 -9.03526992e-02
9.99950536e-01 1.92440882e-03 9.71789614e-03 -3.59678038e-02 -2.76070974e-03 9.96222321e-01 8.67919053e-02 -3.98084076e-02 -9.51416397e-03 -8.68144666e-02 9.96178776e-01 -9.18209120e-02
9.99940422e-01 2.02611335e-03 1.06893936e-02 -3.75441012e-02 -2.95969823e-03 9.96110628e-01 8.80582717e-02 -4.04542536e-02 -1.04694044e-02 -8.80846881e-02 9.96057711e-01 -9.32653505e-02
9.99929480e-01 2.13720562e-03 1.16492763e-02 -3.91097696e-02 -3.16961867e-03 9.95995826e-01 8.93401335e-02 -4.11069134e-02 -1.14116947e-02 -8.93707796e-02 9.95932811e-01 -9.46911083e-02
9.99917202e-01 2.24216100e-03 1.26397276e-02 -4.07090207e-02 -3.37828775e-03 9.95881861e-01 9.05938126e-02 -4.17457480e-02 -1.23845528e-02 -9.06290374e-02 9.95807443e-01 -9.61070942e-02
9.99904293e-01 2.38164449e-03 1.35995114e-02 -4.22860548e-02 -3.62127508e-03 9.95764186e-01 9.18689455e-02 -4.23931556e-02 -1.33231106e-02 -9.19094229e-02 9.95677997e-01 -9.75229590e-02
9.99891298e-01 2.53498570e-03 1.44977615e-02 -4.38251232e-02 -3.87488867e-03 9.95643814e-01 9.31540439e-02 -4.30473218e-02 -1.41984664e-02 -9.32001151e-02 9.95545925e-01 -9.89324414e-02
9.99875378e-01 2.67971695e-03 1.55322191e-02 -4.55213150e-02 -4.13446394e-03 9.95525500e-01 9.43987809e-02 -4.36892329e-02 -1.52097630e-02 -9.44512539e-02 9.95413058e-01 -1.00368927e-01
9.99857909e-01 2.78529430e-03 1.65991549e-02 -4.72750986e-02 -4.36032594e-03 9.95408039e-01 9.56194934e-02 -4.43221130e-02 -1.62566087e-02 -9.56783106e-02 9.95279304e-01 -1.01812060e-01
9.99840007e-01 2.85388864e-03 1.76336118e-02 -4.89986301e-02 -4.54923079e-03 9.95286823e-01 9.68642058e-02 -4.49642583e-02 -1.72740677e-02 -9.69289535e-02 9.95141135e-01 -1.03258969e-01
9.99821142e-01 2.96296037e-03 1.86561130e-02 -5.07456676e-02 -4.77932489e-03 9.95166469e-01 9.80821678e-02 -4.55991918e-02 -1.82753302e-02 -9.81538119e-02 9.95003221e-01 -1.04705437e-01
9.99802600e-01 3.05284818e-03 1.96117414e-02 -5.24542573e-02 -4.98599993e-03 9.95045472e-01 9.92922463e-02 -4.62328592e-02 -1.92114554e-02 -9.93704496e-02 9.94864869e-01 -1.06174222e-01
9.99783841e-01 3.08893581e-03 2.05398776e-02 -5.41285395e-02 -5.13870927e-03 9.94923026e-01 1.00504318e-01 -4.68739638e-02 -2.01251503e-02 -1.00588164e-01 9.94724438e-01 -1.07678684e-01
9.99762891e-01 3.10803306e-03 2.15321119e-02 -5.58595869e-02 -5.28310455e-03 9.94799947e-01 1.01707714e-01 -4.75139110e-02 -2.11040389e-02 -1.01797380e-01 9.94581094e-01 -1.09182073e-01
9.99740463e-01 3.13021528e-03 2.25474182e-02 -5.76155039e-02 -5.43516623e-03 9.94676141e-01 1.02903398e-01 -4.81544465e-02 -2.21052765e-02 -1.02999261e-01 9.94435603e-01 -1.10730093e-01
9.99716444e-01 3.15994667e-03 2.35844018e-02 -5.94129183e-02 -5.59848993e-03 9.94555008e-01 1.04058700e-01 -4.87825354e-02 -2.31271741e-02 -1.04161251e-01 9.94291296e-01 -1.12320820e-01
9.99689385e-01 3.18334144e-03 2.47007710e-02 -6.13116404e-02 -5.76605026e-03 9.94433456e-01 1.05204753e-01 -4.94142995e-02 -2.42283810e-02 -1.05314527e-01 9.94143537e-01 -1.13948535e-01
9.99657992e-01 3.23269662e-03 2.59346590e-02 -6.33533081e-02 -5.97455658e-03 9.94310132e-01 1.06352291e-01 -5.00554382e-02 -2.54433018e-02 -1.06470890e-01 9.93990001e-01 -1.15559090e-01
9.99625873e-01 3.22383589e-03 2.71450109e-02 -6.54007438e-02 -6.12565392e-03 9.94185021e-01 1.07506780e-01 -5.06976559e-02 -2.66405935e-02 -1.07632867e-01 9.93833436e-01 -1.17157979e-01
9.99591108e-01 3.25115836e-03 2.83931956e-02 -6.75323294e-02 -6.31843384e-03 9.94063116e-01 1.08617358e-01 -5.13299169e-02 -2.78715103e-02 -1.08752374e-01 9.93677814e-01 -1.18761648e-01
9.99552326e-01 3.25399298e-03 2.97271352e-02 -6.97616432e-02 -6.49819563e-03 9.93943299e-01 1.09697828e-01 -5.19487216e-02 -2.91901459e-02 -1.09841919e-01 9.93520103e-01 -1.20369773e-01
9.99509535e-01 3.27657392e-03 3.11294297e-02 -7.20610279e-02 -6.70747471e-03 9.93824296e-01 1.10758427e-01 -5.25622030e-02 -3.05742903e-02 -1.10912937e-01 9.93359463e-01 -1.22010591e-01
9.99465041e-01 3.32371013e-03 3.25214622e-02 -7.43671039e-02 -6.94285882e-03 9.93704472e-01 1.11814160e-01 -5.31741030e-02 -3.19450990e-02 -1.11980172e-01 9.93196588e-01 -1.23628718e-01
9.99419734e-01 3.40366838e-03 3.38764936e-02 -7.66620523e-02 -7.20879218e-03 9.93586094e-01 1.12844398e-01 -5.37767190e-02 -3.32751441e-02 -1.13023169e-01 9.93034731e-01 -1.25248761e-01
9.99369251e-01 3.45806252e-03 3.53296084e-02 -7.90762982e-02 -7.46229957e-03 9.93470043e-01 1.13845370e-01 -5.43577346e-02 -3.47052388e-02 -1.14037240e-01 9.92869870e-01 -1.26779554e-01
9.99318551e-01 3.49420756e-03 3.67315519e-02 -8.14318110e-02 -7.69403724e-03 9.93355168e-01 1.14827873e-01 -5.49273304e-02 -3.60862626e-02 -1.15032282e-01 9.92705790e-01 -1.28266909e-01
9.99265705e-01 3.56614436e-03 3.81346548e-02 -8.38260108e-02 -7.96489306e-03 9.93237053e-01 1.15826911e-01 -5.55076812e-02 -3.74637144e-02 -1.16045649e-01 9.92536796e-01 -1.29767932e-01
9.99205687e-01 3.64387299e-03 3.96693574e-02 -8.63824920e-02 -8.25935761e-03 9.93118874e-01 1.16815604e-01 -5.60722617e-02 -3.89707429e-02 -1.17050507e-01 9.92360805e-01 -1.31222735e-01
9.99142735e-01 3.72930453e-03 4.12166248e-02 -8.89994440e-02 -8.56446633e-03 9.93004051e-01 1.17765875e-01 -5.66194611e-02 -4.04891078e-02 -1.18017966e-01 9.92185421e-01 -1.32668925e-01
9.99078552e-01 3.83803681e-03 4.27339083e-02 -9.16153101e-02 -8.89304881e-03 9.92885400e-01 1.18737692e-01 -5.71738391e-02 -4.19741735e-02 -1.19008369e-01 9.92005360e-01 -1.34083424e-01
9.99010904e-01 3.96562390e-03 4.42757503e-02 -9.42651696e-02 -9.24647607e-03 9.92764969e-01 1.19713379e-01 -5.77305370e-02 -4.34806981e-02 -1.20004418e-01 9.91820447e-01 -1.35524350e-01
9.98938982e-01 4.07179459e-03 4.58602482e-02 -9.69646386e-02 -9.58708367e-03 9.92642912e-01 1.20694395e-01 -5.82874126e-02 -4.50314336e-02 -1.21006055e-01 9.91629509e-01 -1.36961808e-01
9.98863730e-01 4.22369991e-03 4.74569600e-02 -9.97138340e-02 -9.97663057e-03 9.92522287e-01 1.21650856e-01 -5.88366877e-02 -4.65883014e-02 -1.21986147e-01 9.91437463e-01 -1.38385581e-01
9.98785458e-01 4.37514826e-03 4.90635390e-02 -1.02477625e-01 -1.03711156e-02 9.92397768e-01 1.22629420e-01 -5.93970511e-02 -4.81540561e-02 -1.22989377e-01 9.91238685e-01 -1.39818699e-01
9.98701202e-01 4.49221096e-03 5.07397640e-02 -1.05307650e-01 -1.07417166e-02 9.92276305e-01 1.23576687e-01 -5.99414267e-02 -4.97927654e-02 -1.23961265e-01 9.91036670e-01 -1.41249394e-01
9.98611709e-01 4.66565640e-03 5.24563834e-02 -1.08179996e-01 -1.11754088e-02 9.92156051e-01 1.24500324e-01 -6.04739415e-02 -5.14640738e-02 -1.24913745e-01 9.90831717e-01 -1.42659038e-01
9.98516228e-01 4.91071766e-03 5.42220750e-02 -1.11141795e-01 -1.16876362e-02 9.92038659e-01 1.25385729e-01 -6.09945397e-02 -5.31746935e-02 -1.25833458e-01 9.90624989e-01 -1.44076369e-01
9.98419388e-01 5.17118331e-03 5.59535639e-02 -1.14140368e-01 -1.22156517e-02 9.91916230e-01 1.26300512e-01 -6.15264402e-02 -5.48481624e-02 -1.26784436e-01 9.90412438e-01 -1.45502525e-01
9.98323135e-01 5.33549816e-03 5.76305108e-02 -1.17072703e-01 -1.26471543e-02 9.91787678e-01 1.27263596e-01 -6.20814783e-02 -5.64782564e-02 -1.27779094e-01 9.90192985e-01 -1.46935957e-01
9.98225444e-01 5.54680659e-03 5.92798318e-02 -1.20027487e-01 -1.31232833e-02 9.91661431e-01 1.28196072e-01 -6.26230487e-02 -5.80744843e-02 -1.28746564e-01 9.89975339e-01 -1.48328731e-01
9.98119046e-01 5.85209622e-03 6.10162684e-02 -1.23151613e-01 -1.37078345e-02 9.91531305e-01 1.29137935e-01 -6.31633808e-02 -5.97438541e-02 -1.29731475e-01 9.89747388e-01 -1.49700498e-01
9.98009683e-01 6.15599290e-03 6.27503547e-02 -1.26212899e-01 -1.42930656e-02 9.91402014e-01 1.30063897e-01 -6.37031967e-02 -6.14101964e-02 -1.30701969e-01 9.89517698e-01 -1.51077163e-01
9.97884357e-01 6.49652828e-03 6.46790489e-02 -1.29534493e-01 -1.49395350e-02 9.91279224e-01 1.30924268e-01 -6.42112178e-02 -6.32644849e-02 -1.31613602e-01 9.89280026e-01 -1.52395871e-01
9.97750881e-01 6.76060580e-03 6.66806935e-02 -1.32903321e-01 -1.55238721e-02 9.91154925e-01 1.31794542e-01 -6.47157742e-02 -6.51999285e-02 -1.32533305e-01 9.89031576e-01 -1.53723712e-01
9.97609121e-01 7.05760806e-03 6.87386848e-02 -1.36292747e-01 -1.61524922e-02 9.91028013e-01 1.32670400e-01 -6.52195888e-02 -6.71856702e-02 -1.33463552e-01 9.88773518e-01 -1.54971810e-01
9.97467222e-01 7.27216665e-03 7.07467237e-02 -1.39644008e-01 -1.66968764e-02 9.90900138e-01 1.33555266e-01 -6.57294398e-02 -6.91317490e-02 -1.34398297e-01 9.88512725e-01 -1.56219005e-01
9.97317333e-01 7.49671307e-03 7.28070375e-02 -1.43121309e-01 -1.72659139e-02 9.90763385e-01 1.34494238e-01 -6.62491446e-02 -7.11263317e-02 -1.35390556e-01 9.88235798e-01 -1.57424220e-01
9.97165025e-01 7.75129416e-03 7.48386383e-02 -1.46592901e-01 -1.78666708e-02 9.90621591e-01 1.35457049e-01 -6.67802817e-02 -7.30868503e-02 -1.36410184e-01 9.87952547e-01 -1.58654360e-01
9.97008660e-01 7.95910234e-03 7.68729925e-02 -1.50007089e-01 -1.84268623e-02 9.90476654e-01 1.36438516e-01 -6.73164064e-02 -7.50550235e-02 -1.37446939e-01 9.87661279e-01 -1.59893614e-01
9.96834187e-01 8.26374425e-03 7.90714761e-02 -1.53613564e-01 -1.91115980e-02 9.90325678e-01 1.37436376e-01 -6.78587425e-02 -7.71708254e-02 -1.38512499e-01 9.87349272e-01 -1.61131105e-01
9.96667574e-01 8.42647834e-03 8.11278953e-02 -1.57078170e-01 -1.96382831e-02 9.90179455e-01 1.38412507e-01 -6.83970029e-02 -7.91648963e-02 -1.39544516e-01 9.87046025e-01 -1.62446996e-01
9.96478042e-01 8.59843927e-03 8.34067172e-02 -1.60810221e-01 -2.02045306e-02 9.90040235e-01 1.39324159e-01 -6.89147559e-02 -8.13780865e-02 -1.40518698e-01 9.86727817e-01 -1.63774967e-01
9.96287893e-01 8.78136079e-03 8.56295628e-02 -1.64467250e-01 -2.07818205e-02 9.89893431e-01 1.40279429e-01 -6.94495152e-02 -8.35323457e-02 -1.41538282e-01 9.86402021e-01 -1.65145156e-01
9.96079353e-01 9.17078434e-03 8.79822579e-02 -1.68288033e-01 -2.15834847e-02 9.89746993e-01 1.41188799e-01 -6.99670883e-02 -8.57854116e-02 -1.42534266e-01 9.86065157e-01 -1.66468188e-01
9.95875231e-01 9.59698440e-03 9.02189481e-02 -1.71957378e-01 -2.24098237e-02 9.89598011e-01 1.42101350e-01 -7.04982435e-02 -8.79167963e-02 -1.43537061e-01 9.85731916e-01 -1.67871233e-01
9.95670780e-01 9.96586005e-03 9.24089618e-02 -1.75593867e-01 -2.31783904e-02 9.89446337e-01 1.43031194e-01 -7.10425051e-02 -9.00083331e-02 -1.44553931e-01 9.85394474e-01 -1.69330941e-01
9.95443825e-01 1.02187310e-02 9.47957071e-02 -1.79480454e-01 -2.38668856e-02 9.89292133e-01 1.43981586e-01 -7.15776109e-02 -9.23093895e-02 -1.45588116e-01 9.85029313e-01 -1.70638537e-01
9.95236959e-01 1.04221909e-02 9.69219812e-02 -1.83087208e-01 -2.44781249e-02 9.89130067e-01 1.44989148e-01 -7.21520633e-02 -9.43573894e-02 -1.46671082e-01 9.84674569e-01 -1.72071805e-01
9.95014356e-01 1.06648963e-02 9.91554598e-02 -1.86875700e-01 -2.51495949e-02 9.88964059e-01 1.46003180e-01 -7.27222480e-02 -9.65041246e-02 -1.47769033e-01 9.84302311e-01 -1.73401712e-01
9.94791301e-01 1.08090852e-02 1.01354102e-01 -1.90609373e-01 -2.57215177e-02 9.88801052e-01 1.47004516e-01 -7.32808316e-02 -9.86301021e-02 -1.48845841e-01 9.83929314e-01 -1.74701957e-01
9.94549765e-01 1.09646769e-02 1.03681037e-01 -1.94487582e-01 -2.63358990e-02 9.88625394e-01 1.48073440e-01 -7.38744010e-02 -1.00878173e-01 -1.49996992e-01 9.83526478e-01 -1.76020373e-01
9.94290394e-01 1.10186437e-02 1.06134091e-01 -1.98564983e-01 -2.68694083e-02 9.88456777e-01 1.49099541e-01 -7.44144862e-02 -1.03266136e-01 -1.51100048e-01 9.83109730e-01 -1.77148542e-01
9.94027410e-01 1.10178795e-02 1.08569621e-01 -2.02598210e-01 -2.73472982e-02 9.88293990e-01 1.50088616e-01 -7.49184708e-02 -1.05645090e-01 -1.52161328e-01 9.82693225e-01 -1.78212470e-01
9.93769404e-01 1.10824493e-02 1.10899988e-01 -2.06546076e-01 -2.78803306e-02 9.88126661e-01 1.51088936e-01 -7.54523001e-02 -1.07908841e-01 -1.53239529e-01 9.82279659e-01 -1.79337402e-01
9.93480454e-01 1.11000272e-02 1.13457515e-01 -2.10791093e-01 -2.84057288e-02 9.87960287e-01 1.52075930e-01 -7.59766517e-02 -1.10403511e-01 -1.54307347e-01 9.81835191e-01 -1.80448484e-01
9.93179749e-01 1.10673148e-02 1.16063345e-01 -2.15051301e-01 -2.88940537e-02 9.87794008e-01 1.53060988e-01 -7.65042921e-02 -1.12952739e-01 -1.55370659e-01 9.81377444e-01 -1.81541244e-01
9.92854667e-01 1.11764544e-02 1.18801568e-01 -2.19478091e-01 -2.95447532e-02 9.87628739e-01 1.54000227e-01 -7.70316542e-02 -1.15610704e-01 -1.56409857e-01 9.80902722e-01 -1.82643737e-01
9.92488047e-01 1.12252770e-02 1.21821785e-01 -2.24192658e-01 -3.01802852e-02 9.87470367e-01 1.54889814e-01 -7.75421767e-02 -1.18556765e-01 -1.57402957e-01 9.80392059e-01 -1.83764006e-01
9.92112471e-01 1.11962860e-02 1.24845959e-01 -2.28922198e-01 -3.07375627e-02 9.87322871e-01 1.55718129e-01 -7.80215396e-02 -1.21519856e-01 -1.58327418e-01 9.79880228e-01 -1.84833946e-01
9.91706118e-01 1.11849321e-02 1.28034645e-01 -2.33826014e-01 -3.13421706e-02 9.87176117e-01 1.56525866e-01 -7.84909865e-02 -1.24642067e-01 -1.59240606e-01 9.79339914e-01 -1.85859597e-01
9.91280407e-01 1.11017428e-02 1.31296902e-01 -2.38906445e-01 -3.18971448e-02 9.87025198e-01 1.57363391e-01 -7.89475612e-02 -1.27846394e-01 -1.60179310e-01 9.78773614e-01 -1.86774281e-01
9.90822129e-01 1.09993291e-02 1.34719858e-01 -2.44211144e-01 -3.24653399e-02 9.86873220e-01 1.58198256e-01 -7.94029964e-02 -1.31211394e-01 -1.61120137e-01 9.78173683e-01 -1.87607207e-01
9.90329234e-01 1.08669297e-02 1.38306881e-01 -2.49694049e-01 -3.30382266e-02 9.86719139e-01 1.59038563e-01 -7.98595047e-02 -1.34741836e-01 -1.62070037e-01 9.77536594e-01 -1.88365885e-01
9.89834489e-01 1.06338219e-02 1.41821924e-01 -2.55203774e-01 -3.35029317e-02 9.86571083e-01 1.59857877e-01 -8.02919926e-02 -1.38217555e-01 -1.62984379e-01 9.76899119e-01 -1.89095194e-01
9.89318992e-01 1.03169089e-02 1.45397128e-01 -2.60827598e-01 -3.38989343e-02 9.86426650e-01 1.60663422e-01 -8.06949349e-02 -1.41766108e-01 -1.63876269e-01 9.76241154e-01 -1.89778448e-01
9.88775894e-01 1.01712881e-02 1.49055628e-01 -2.66573849e-01 -3.44737775e-02 9.86289269e-01 1.61382850e-01 -8.10888113e-02 -1.45370556e-01 -1.64710074e-01 9.75570499e-01 -1.90532093e-01
9.88196170e-01 9.97341827e-03 1.52864833e-01 -2.72350351e-01 -3.50282006e-02 9.86152048e-01 1.62100331e-01 -8.14838288e-02 -1.49131343e-01 -1.65541599e-01 9.74861835e-01 -1.91291110e-01
9.87617418e-01 9.73495237e-03 1.56575437e-01 -2.78092708e-01 -3.55184125e-02 9.86030653e-01 1.62730855e-01 -8.18782446e-02 -1.52804076e-01 -1.66277228e-01 9.74167639e-01 -1.92207730e-01
9.87030630e-01 9.51846268e-03 1.60245997e-01 -2.83773170e-01 -3.60148326e-02 9.85923604e-01 1.63269473e-01 -8.22424689e-02 -1.56436310e-01 -1.66923285e-01 9.73480434e-01 -1.93159068e-01
9.86421383e-01 9.19611562e-03 1.63972726e-01 -2.89540505e-01 -3.64162322e-02 9.85823602e-01 1.63783452e-01 -8.25940475e-02 -1.60142081e-01 -1.67530856e-01 9.72773247e-01 -1.94085123e-01
9.85786403e-01 8.92822648e-03 1.67762491e-01 -2.95433014e-01 -3.68844697e-02 9.85724090e-01 1.64276624e-01 -8.29358062e-02 -1.63900912e-01 -1.68129571e-01 9.72043622e-01 -1.94929760e-01
9.85131671e-01 8.80438014e-03 1.71571773e-01 -3.01382882e-01 -3.75043951e-02 9.85619163e-01 1.64764950e-01 -8.32631376e-02 -1.67653869e-01 -1.68749944e-01 9.71295760e-01 -1.95680441e-01
9.84467535e-01 8.74565414e-03 1.75345391e-01 -3.07358513e-01 -3.81871252e-02 9.85512459e-01 1.65245547e-01 -8.35803137e-02 -1.71359993e-01 -1.69374887e-01 9.70539899e-01 -1.96373318e-01
9.83800453e-01 8.54997422e-03 1.79059661e-01 -3.13287467e-01 -3.87284340e-02 9.85409692e-01 1.65731537e-01 -8.39063516e-02 -1.75030244e-01 -1.69981540e-01 9.69778541e-01 -1.97106608e-01
9.83118292e-01 8.10881677e-03 1.82787962e-01 -3.19280737e-01 -3.90190130e-02 9.85327535e-01 1.66151399e-01 -8.42261977e-02 -1.78758838e-01 -1.70478769e-01 9.69010832e-01 -1.97883673e-01
9.82414362e-01 7.93781383e-03 1.86541618e-01 -3.25271954e-01 -3.96068282e-02 9.85217441e-01 1.66664449e-01 -8.45554750e-02 -1.82461220e-01 -1.71121954e-01 9.68207067e-01 -1.98574998e-01
9.81663380e-01 7.82895705e-03 1.90458586e-01 -3.31402240e-01 -4.03023024e-02 9.85092822e-01 1.67233515e-01 -8.49003993e-02 -1.86310232e-01 -1.71843024e-01 9.67345987e-01 -1.99216036e-01
9.80889793e-01 7.89121656e-03 1.94400776e-01 -3.37531702e-01 -4.11816185e-02 9.84958643e-01 1.67808610e-01 -8.52459026e-02 -1.90152618e-01 -1.72607578e-01 9.66461807e-01 -1.99765532e-01
9.80081958e-01 7.98559233e-03 1.98429679e-01 -3.43745965e-01 -4.21113533e-02 9.84824797e-01 1.68362845e-01 -8.55743737e-02 -1.94074091e-01 -1.73365622e-01 9.65546196e-01 -2.00260804e-01
9.79232616e-01 7.96839426e-03 2.02580114e-01 -3.50074626e-01 -4.29549381e-02 9.84695776e-01 1.68903289e-01 -8.59000368e-02 -1.98134010e-01 -1.74097522e-01 9.64589416e-01 -2.00739066e-01
9.78374937e-01 7.90549787e-03 2.06684972e-01 -3.56411206e-01 -4.37439370e-02 9.84574031e-01 1.69409700e-01 -8.62132676e-02 -2.02157509e-01 -1.74787518e-01 9.63629292e-01 -2.01191564e-01
9.77502330e-01 7.96907395e-03 2.10770809e-01 -3.62675056e-01 -4.46718123e-02 9.84438212e-01 1.69955976e-01 -8.65374233e-02 -2.06136563e-01 -1.75547977e-01 9.62647605e-01 -2.01538955e-01
9.76631645e-01 8.01193177e-03 2.14767437e-01 -3.68947975e-01 -4.55581975e-02 9.84311951e-01 1.70451154e-01 -8.68540537e-02 -2.10032632e-01 -1.76252509e-01 9.61676211e-01 -2.01899832e-01
9.75743900e-01 8.10706420e-03 2.18761919e-01 -3.75256745e-01 -4.65118653e-02 9.84174872e-01 1.70984609e-01 -8.71727116e-02 -2.13913911e-01 -1.77012317e-01 9.60680655e-01 -2.02174291e-01
9.74815354e-01 8.17562025e-03 2.22860791e-01 -3.81569678e-01 -4.74767602e-02 9.84027051e-01 1.71569258e-01 -8.74985361e-02 -2.17898484e-01 -1.77829152e-01 9.59633727e-01 -2.02377921e-01
9.73886348e-01 8.19691209e-03 2.26885310e-01 -3.87830494e-01 -4.83773976e-02 9.83888724e-01 1.72110119e-01 -8.78032041e-02 -2.21819245e-01 -1.78591907e-01 9.58593275e-01 -2.02546611e-01
9.72948082e-01 8.20000519e-03 2.30875661e-01 -3.94062200e-01 -4.92565294e-02 9.83753099e-01 1.72635298e-01 -8.80966645e-02 -2.25709148e-01 -1.79337397e-01 9.57545556e-01 -2.02669504e-01
9.71997825e-01 8.06159896e-03 2.34849036e-01 -4.00322826e-01 -5.00201524e-02 9.83604635e-01 1.73260565e-01 -8.84259830e-02 -2.29601956e-01 -1.80156149e-01 9.56465773e-01 -2.02823836e-01
9.71007987e-01 8.13287374e-03 2.38906334e-01 -4.06702450e-01 -5.10292862e-02 9.83435615e-01 1.73924693e-01 -8.87653852e-02 -2.33534596e-01 -1.81073554e-01 9.55339782e-01 -2.02880347e-01
9.70000697e-01 8.10640689e-03 2.42964550e-01 -4.13082505e-01 -5.19346671e-02 9.83280069e-01 1.74535013e-01 -8.90953064e-02 -2.37487455e-01 -1.81917441e-01 9.54204317e-01 -2.02966340e-01
9.68972704e-01 7.92972333e-03 2.47038238e-01 -4.19442409e-01 -5.26707240e-02 9.83151963e-01 1.75035225e-01 -8.93816910e-02 -2.41488274e-01 -1.82616105e-01 9.53066041e-01 -2.03037193e-01
9.67934227e-01 7.90314689e-03 2.51077010e-01 -4.25800442e-01 -5.35848504e-02 9.82995603e-01 1.75634868e-01 -8.96856855e-02 -2.45419655e-01 -1.83457002e-01 9.51899572e-01 -2.03068567e-01
9.66832872e-01 7.89779970e-03 2.55285219e-01 -4.32390424e-01 -5.45597895e-02 9.82836082e-01 1.76226355e-01 -8.99759566e-02 -2.49511853e-01 -1.84309824e-01 9.50670171e-01 -2.03052367e-01
9.65698840e-01 7.75843958e-03 2.59546367e-01 -4.39048218e-01 -5.54135595e-02 9.82684635e-01 1.76803630e-01 -9.02293075e-02 -2.53680635e-01 -1.85121525e-01 9.49408377e-01 -2.02823012e-01
9.64565867e-01 7.63592603e-03 2.63729247e-01 -4.45602885e-01 -5.62438677e-02 9.82555514e-01 1.77258390e-01 -9.04241300e-02 -2.57775234e-01 -1.85810626e-01 9.48170031e-01 -2.02567487e-01
9.63374843e-01 7.57947390e-03 2.68048841e-01 -4.52291846e-01 -5.71815731e-02 9.82415655e-01 1.77733008e-01 -9.05950924e-02 -2.61988387e-01 -1.86551044e-01 9.46868999e-01 -2.02168012e-01
9.62094277e-01 7.27736461e-03 2.72617513e-01 -4.59152408e-01 -5.79486243e-02 9.82270602e-01 1.78285433e-01 -9.07977612e-02 -2.66486855e-01 -1.87325296e-01 9.45459709e-01 -2.01672167e-01
9.60805595e-01 6.97298374e-03 2.77132992e-01 -4.66000172e-01 -5.86972411e-02 9.82134643e-01 1.78788745e-01 -9.09850779e-02 -2.70935369e-01 -1.88048251e-01 9.44050832e-01 -2.01188214e-01
9.59544439e-01 6.81392381e-03 2.81472467e-01 -4.72761044e-01 -5.95473047e-02 9.82003858e-01 1.79225397e-01 -9.11718901e-02 -2.75185984e-01 -1.88735742e-01 9.42683170e-01 -2.00933010e-01
9.58253571e-01 6.56032659e-03 2.85842231e-01 -4.79581083e-01 -6.03127986e-02 9.81878258e-01 1.79656936e-01 -9.13767447e-02 -2.79483842e-01 -1.89396924e-01 9.41285099e-01 -2.00699844e-01
9.56935654e-01 6.26752269e-03 2.90230277e-01 -4.86381292e-01 -6.10521790e-02 9.81751728e-01 1.80097954e-01 -9.15755576e-02 -2.83805508e-01 -1.90061419e-01 9.39856964e-01 -2.00435812e-01
9.55562584e-01 6.04596486e-03 2.94724183e-01 -4.93321556e-01 -6.18861362e-02 9.81623454e-01 1.80511949e-01 -9.17494454e-02 -2.88217018e-01 -1.90729878e-01 9.38377890e-01 -2.00072553e-01
9.54188946e-01 5.86388655e-03 2.99145066e-01 -5.00145750e-01 -6.27839620e-02 9.81472088e-01 1.81024368e-01 -9.19413811e-02 -2.92541232e-01 -1.91513046e-01 9.36879063e-01 -1.99616159e-01
9.52777486e-01 5.66911780e-03 3.03614277e-01 -5.07037053e-01 -6.36761260e-02 9.81326774e-01 1.81499850e-01 -9.21227154e-02 -2.96916093e-01 -1.92262034e-01 9.35348133e-01 -1.99159581e-01
9.51357923e-01 5.52176763e-03 3.08036293e-01 -5.13872621e-01 -6.46325121e-02 9.81166608e-01 1.82026938e-01 -9.23321351e-02 -3.01230034e-01 -1.93082002e-01 9.33798612e-01 -1.98668709e-01
9.49963781e-01 5.32570191e-03 3.12312580e-01 -5.20515262e-01 -6.55180766e-02 9.81009135e-01 1.82558330e-01 -9.25497052e-02 -3.05409465e-01 -1.93886005e-01 9.32273180e-01 -1.98263209e-01
9.48554466e-01 5.03516852e-03 3.16571973e-01 -5.27242865e-01 -6.63002848e-02 9.80863661e-01 1.83056758e-01 -9.27758381e-02 -3.09592469e-01 -1.94628192e-01 9.30737543e-01 -1.97945832e-01
9.47094992e-01 4.75342332e-03 3.20916240e-01 -5.34090554e-01 -6.71331060e-02 9.80705733e-01 1.83598495e-01 -9.30155311e-02 -3.13851935e-01 -1.95429392e-01 9.29141703e-01 -1.97574525e-01
9.45594940e-01 4.38738307e-03 3.25314800e-01 -5.40992377e-01 -6.78790040e-02 9.80564138e-01 1.84080025e-01 -9.32328947e-02 -3.18184643e-01 -1.96147256e-01 9.27515410e-01 -1.97180026e-01
9.44063190e-01 4.11282665e-03 3.29737164e-01 -5.47960507e-01 -6.87145060e-02 9.80425853e-01 1.84506164e-01 -9.34026531e-02 -3.22524245e-01 -1.96843264e-01 9.25867681e-01 -1.96654887e-01
9.42469612e-01 3.91124910e-03 3.34267151e-01 -5.54969048e-01 -6.96479110e-02 9.80285280e-01 1.84902788e-01 -9.35462253e-02 -3.26954204e-01 -1.97546334e-01 9.24162610e-01 -1.95985692e-01
9.40843357e-01 3.72556129e-03 3.38819577e-01 -5.62033974e-01 -7.06043067e-02 9.80145861e-01 1.85278622e-01 -9.36616547e-02 -3.31402600e-01 -1.98240345e-01 9.22427878e-01 -1.95165186e-01
9.39157638e-01 3.58543405e-03 3.43466029e-01 -5.69320286e-01 -7.16043927e-02 9.80019830e-01 1.85561422e-01 -9.37255000e-02 -3.35938448e-01 -1.98865161e-01 9.20650961e-01 -1.94254477e-01
9.37400392e-01 3.32105624e-03 3.48236068e-01 -5.76739446e-01 -7.25275284e-02 9.79889936e-01 1.85888531e-01 -9.38050605e-02 -3.40615933e-01 -1.99508732e-01 9.18791198e-01 -1.93191695e-01
9.35557750e-01 3.16203176e-03 3.53158086e-01 -5.84245107e-01 -7.35579768e-02 9.79774610e-01 1.86091404e-01 -9.38019961e-02 -3.45427165e-01 -2.00076888e-01 9.16869443e-01 -1.91958859e-01
9.33620009e-01 3.14998336e-03 3.58249483e-01 -5.91873409e-01 -7.47378875e-02 9.79672726e-01 1.86157600e-01 -9.37109016e-02 -3.50381124e-01 -2.00575304e-01 9.14878628e-01 -1.90556925e-01
9.31718431e-01 3.05123790e-03 3.63167137e-01 -5.99271209e-01 -7.58484564e-02 9.79548462e-01 1.86362123e-01 -9.36708058e-02 -3.55171458e-01 -2.01182728e-01 9.12895948e-01 -1.89068400e-01
9.29814237e-01 2.91436349e-03 3.68016083e-01 -6.06658269e-01 -7.69051388e-02 9.79430449e-01 1.86549203e-01 -9.36146917e-02 -3.59902774e-01 -2.01758481e-01 9.10913671e-01 -1.87576917e-01
9.27860626e-01 2.71145718e-03 3.72915712e-01 -6.14170888e-01 -7.78972440e-02 9.79323804e-01 1.86697481e-01 -9.35617114e-02 -3.64699293e-01 -2.02278403e-01 9.08888377e-01 -1.86140305e-01
9.25885309e-01 2.83697117e-03 3.77792473e-01 -6.21751647e-01 -7.92170451e-02 9.79200215e-01 1.86790292e-01 -9.34435376e-02 -3.69404851e-01 -2.02874049e-01 9.06852992e-01 -1.84464821e-01
9.23881936e-01 2.93037572e-03 3.82664919e-01 -6.29344065e-01 -8.05079135e-02 9.79078631e-01 1.86875677e-01 -9.33562477e-02 -3.74111745e-01 -2.03458667e-01 9.04790121e-01 -1.83029754e-01
9.21863578e-01 3.05403607e-03 3.87501052e-01 -6.36897264e-01 -8.18049392e-02 9.78966848e-01 1.86898131e-01 -9.32284170e-02 -3.78780200e-01 -2.03994137e-01 9.02724844e-01 -1.81502037e-01
9.19700317e-01 2.87165365e-03 3.92609134e-01 -6.44712686e-01 -8.28281758e-02 9.78886570e-01 1.86868063e-01 -9.30918969e-02 -3.83783487e-01 -2.04381773e-01 9.00521269e-01 -1.79860482e-01
9.17529489e-01 2.78883823e-03 3.97656480e-01 -6.52616163e-01 -8.39911633e-02 9.78775211e-01 1.86932081e-01 -9.29668724e-02 -3.88695304e-01 -2.04915389e-01 8.98290499e-01 -1.78065211e-01
9.15323676e-01 2.54791678e-03 4.02709452e-01 -6.60447419e-01 -8.49746157e-02 9.78687293e-01 1.86947918e-01 -9.28474474e-02 -3.93650626e-01 -2.05337996e-01 8.96033301e-01 -1.76276924e-01
9.13140354e-01 2.29697520e-03 4.07637447e-01 -6.68195029e-01 -8.59209975e-02 9.78603185e-01 1.86955674e-01 -9.27255782e-02 -3.98486204e-01 -2.05741437e-01 8.93800561e-01 -1.74438928e-01
9.10840101e-01 2.20973033e-03 4.12752125e-01 -6.76068763e-01 -8.70460041e-02 9.78523919e-01 1.86850028e-01 -9.24951972e-02 -4.03475290e-01 -2.06118966e-01 8.91472321e-01 -1.72454011e-01
9.08514217e-01 2.29869125e-03 4.17846339e-01 -6.84032330e-01 -8.83540071e-02 9.78430826e-01 1.86723629e-01 -9.22450992e-02 -4.08404884e-01 -2.06559515e-01 8.89122517e-01 -1.70498790e-01
9.06118919e-01 2.31371321e-03 4.23015494e-01 -6.92122970e-01 -8.96582423e-02 9.78316479e-01 1.86701209e-01 -9.20073198e-02 -4.13411430e-01 -2.07100373e-01 8.86679563e-01 -1.68320429e-01
9.03729347e-01 2.50704505e-03 4.28095679e-01 -7.00142194e-01 -9.11872484e-02 9.78161621e-01 1.86772071e-01 -9.17809871e-02 -4.18278894e-01 -2.07828325e-01 8.84223024e-01 -1.65954023e-01
9.01300935e-01 2.48349214e-03 4.33185262e-01 -7.08086193e-01 -9.24974575e-02 9.78024402e-01 1.86846485e-01 -9.16205941e-02 -4.23202112e-01 -2.08473494e-01 8.81725028e-01 -1.63773094e-01
8.98759802e-01 2.09938744e-03 4.38435161e-01 -7.16205337e-01 -9.34901472e-02 9.77907290e-01 1.86965381e-01 -9.14837856e-02 -4.28356812e-01 -2.09026390e-01 8.79101044e-01 -1.61603198e-01
8.96146201e-01 1.78195631e-03 4.43754261e-01 -7.24575582e-01 -9.45931860e-02 9.77775204e-01 1.87101271e-01 -9.13510987e-02 -4.33558908e-01 -2.09646265e-01 8.76399103e-01 -1.59457936e-01
8.93481573e-01 1.70296233e-03 4.49095599e-01 -7.33103612e-01 -9.60305366e-02 9.77588031e-01 1.87347048e-01 -9.12015873e-02 -4.38711835e-01 -2.10518063e-01 8.73621423e-01 -1.57278738e-01
8.90700223e-01 8.20395917e-04 4.54589407e-01 -7.41807340e-01 -9.65321042e-02 9.77533046e-01 1.87376147e-01 -9.10797060e-02 -4.44222869e-01 -2.10778486e-01 8.70769060e-01 -1.55059825e-01
8.87861839e-01 -1.03115534e-05 4.60109164e-01 -7.50706318e-01 -9.70413052e-02 9.77501008e-01 1.87280241e-01 -9.09262317e-02 -4.49759546e-01 -2.10928615e-01 8.67885777e-01 -1.52867007e-01
8.85153721e-01 -3.92801252e-04 4.65297506e-01 -7.59239342e-01 -9.80861141e-02 9.77370257e-01 1.87418156e-01 -9.08274077e-02 -4.54842032e-01 -2.11533155e-01 8.65085326e-01 -1.50617116e-01
8.82412022e-01 -9.42679979e-04 4.70475513e-01 -7.67953530e-01 -9.89359940e-02 9.77265086e-01 1.87519968e-01 -9.07336191e-02 -4.59956543e-01 -2.12016889e-01 8.62258081e-01 -1.48331601e-01
8.79547590e-01 -1.56493027e-03 4.75807340e-01 -7.76640548e-01 -9.97440884e-02 9.77168624e-01 1.87594557e-01 -9.05727777e-02 -4.65238060e-01 -2.12457372e-01 8.59311091e-01 -1.45818895e-01
8.76462854e-01 -2.60365538e-03 4.81461435e-01 -7.85542940e-01 -1.00274550e-01 9.77069925e-01 1.87825778e-01 -9.05242198e-02 -4.70910997e-01 -2.12900711e-01 8.56105292e-01 -1.43156388e-01
8.73347732e-01 -3.20260496e-03 4.87085726e-01 -7.94407594e-01 -1.01365123e-01 9.76890889e-01 1.88171389e-01 -9.05360511e-02 -4.76432710e-01 -2.13712626e-01 8.52841697e-01 -1.40360326e-01
8.70009032e-01 -4.12775642e-03 4.93017542e-01 -8.03478215e-01 -1.02072763e-01 9.76792044e-01 1.88301994e-01 -9.04301063e-02 -4.82353344e-01 -2.14148161e-01 8.49397442e-01 -1.37386175e-01
8.66676330e-01 -4.94811414e-03 4.98845305e-01 -8.12533975e-01 -1.02946055e-01 9.76654006e-01 1.88542446e-01 -9.03933162e-02 -4.88132644e-01 -2.14759506e-01 8.45934426e-01 -1.34382837e-01
8.63277268e-01 -5.69612032e-03 5.04696887e-01 -8.21447763e-01 -1.03912061e-01 9.76509405e-01 1.88761295e-01 -9.03094695e-02 -4.93916944e-01 -2.15397493e-01 8.42407363e-01 -1.31287910e-01
8.59832714e-01 -6.15816477e-03 5.10537704e-01 -8.30242187e-01 -1.05332811e-01 9.76277196e-01 1.89174424e-01 -9.02907000e-02 -4.99591777e-01 -2.16434805e-01 8.38787315e-01 -1.28174201e-01
8.56440823e-01 -6.51830207e-03 5.16203022e-01 -8.38995123e-01 -1.06689175e-01 9.76098721e-01 1.89335352e-01 -9.01328935e-02 -5.05099725e-01 -2.17227884e-01 8.35276267e-01 -1.24996814e-01
8.52878919e-01 -7.33981741e-03 5.22056085e-01 -8.47804246e-01 -1.07629786e-01 9.75952747e-01 1.89555306e-01 -9.00457327e-02 -5.10893849e-01 -2.17856604e-01 8.31580458e-01 -1.21670003e-01
8.49416340e-01 -7.71510143e-03 5.27665791e-01 -8.56568514e-01 -1.09031850e-01 9.75753035e-01 1.89782026e-01 -8.98302513e-02 -5.16336156e-01 -2.18736436e-01 8.27980314e-01 -1.18221576e-01
8.45762244e-01 -7.94036874e-03 5.33499701e-01 -8.65405597e-01 -1.10711101e-01 9.75515542e-01 1.90030547e-01 -8.95831085e-02 -5.21946636e-01 -2.19785120e-01 8.24176078e-01 -1.14439781e-01
8.42086769e-01 -8.21671065e-03 5.39278266e-01 -8.74348074e-01 -1.12369865e-01 9.75268239e-01 1.90326033e-01 -8.92748326e-02 -5.27505294e-01 -2.20869793e-01 8.20338127e-01 -1.10594052e-01
8.38308509e-01 -8.44708737e-03 5.45129472e-01 -8.83224078e-01 -1.14106752e-01 9.75016229e-01 1.90583601e-01 -8.89532701e-02 -5.33120419e-01 -2.21970944e-01 8.16401533e-01 -1.06487199e-01
8.34667825e-01 -8.63162678e-03 5.50684826e-01 -8.92078854e-01 -1.15701369e-01 9.74815866e-01 1.90647135e-01 -8.85266820e-02 -5.38462370e-01 -2.22842153e-01 8.12649739e-01 -1.02593988e-01
8.30963453e-01 -8.58434594e-03 5.56259555e-01 -9.00840466e-01 -1.17503084e-01 9.74615070e-01 1.90571523e-01 -8.79458874e-02 -5.43775380e-01 -2.23720313e-01 8.08861847e-01 -9.83608588e-02
8.27215733e-01 -8.46472825e-03 5.61819473e-01 -9.09630693e-01 -1.19370686e-01 9.74413602e-01 1.90441044e-01 -8.72888979e-02 -5.49057071e-01 -2.24600735e-01 8.05040853e-01 -9.40002202e-02
8.23423203e-01 -8.47199030e-03 5.67363303e-01 -9.18467573e-01 -1.21073771e-01 9.74238131e-01 1.90263837e-01 -8.65699649e-02 -5.54359355e-01 -2.25360611e-01 8.01185536e-01 -8.95186174e-02
8.19515146e-01 -8.49516965e-03 5.72993409e-01 -9.27482603e-01 -1.22852826e-01 9.74037743e-01 1.90149487e-01 -8.58501923e-02 -5.59733019e-01 -2.26224381e-01 7.97196012e-01 -8.49093609e-02
8.15432622e-01 -8.71046923e-03 5.78785356e-01 -9.36696467e-01 -1.24464643e-01 9.73860239e-01 1.90010582e-01 -8.51202905e-02 -5.65311581e-01 -2.26979280e-01 7.93034207e-01 -8.02288088e-02
8.11438992e-01 -8.71361188e-03 5.84371051e-01 -9.45976517e-01 -1.26209627e-01 9.73682665e-01 1.89769375e-01 -8.43234110e-02 -5.70646026e-01 -2.27739672e-01 7.88985252e-01 -7.54463058e-02
8.07346216e-01 -8.70783150e-03 5.90012686e-01 -9.55364913e-01 -1.27843281e-01 9.73560270e-01 1.89303412e-01 -8.34201062e-02 -5.76061795e-01 -2.28262703e-01 7.84887858e-01 -7.06038070e-02
8.03209215e-01 -8.65178584e-03 5.95633066e-01 -9.64642297e-01 -1.29738938e-01 9.73350776e-01 1.89090839e-01 -8.25975037e-02 -5.81396362e-01 -2.29156473e-01 7.80682724e-01 -6.55825661e-02
7.99047707e-01 -8.43712430e-03 6.01207301e-01 -9.73907063e-01 -1.31815197e-01 9.73118869e-01 1.88848307e-01 -8.17310833e-02 -5.86639990e-01 -2.30147232e-01 7.76457152e-01 -6.04329816e-02
7.94847997e-01 -8.21143024e-03 6.06751934e-01 -9.83162332e-01 -1.34058523e-01 9.72825083e-01 1.88783015e-01 -8.08890572e-02 -5.91814139e-01 -2.31394241e-01 7.72148110e-01 -5.51381268e-02
7.90669666e-01 -8.16279880e-03 6.12187465e-01 -9.92458774e-01 -1.36146203e-01 9.72530482e-01 1.88806973e-01 -8.00229326e-02 -5.96912632e-01 -2.32631132e-01 7.67839827e-01 -4.97354791e-02
7.86372615e-01 -8.08923393e-03 6.17698412e-01 -1.00173616e+00 -1.38239866e-01 9.72251720e-01 1.88721292e-01 -7.91162787e-02 -6.02085412e-01 -2.33795985e-01 7.63434706e-01 -4.42542660e-02
7.82168090e-01 -7.81754475e-03 6.23017421e-01 -1.01104148e+00 -1.40376605e-01 9.72001562e-01 1.88432594e-01 -7.80690484e-02 -6.07047438e-01 -2.34843206e-01 7.59171991e-01 -3.86833087e-02
7.77819948e-01 -7.55714771e-03 6.28440724e-01 -1.02054894e+00 -1.42447626e-01 9.71785337e-01 1.87993161e-01 -7.69250460e-02 -6.12130603e-01 -2.35744900e-01 7.54798319e-01 -3.29450028e-02
7.73220708e-01 -7.41497574e-03 6.34092626e-01 -1.03019183e+00 -1.44303235e-01 9.71640081e-01 1.87327464e-01 -7.56629363e-02 -6.17499296e-01 -2.36347272e-01 7.50223030e-01 -2.69312366e-02
7.68438061e-01 -6.99511259e-03 6.39884953e-01 -1.04000459e+00 -1.46922524e-01 9.71299507e-01 1.87057430e-01 -7.45939363e-02 -6.22828893e-01 -2.37755733e-01 7.45356573e-01 -2.09340725e-02
7.63662823e-01 -6.33050034e-03 6.45583220e-01 -1.04963454e+00 -1.49388740e-01 9.71081368e-01 1.86234847e-01 -7.33369288e-02 -6.28093245e-01 -2.38663679e-01 7.40633861e-01 -1.49526708e-02
7.58786881e-01 -5.70950005e-03 6.51312957e-01 -1.05930758e+00 -1.51905430e-01 9.70834972e-01 1.85482049e-01 -7.20689626e-02 -6.33376884e-01 -2.39679497e-01 7.35790369e-01 -8.80434914e-03
7.53870149e-01 -5.32678977e-03 6.57000876e-01 -1.06879309e+00 -1.54105229e-01 9.70638031e-01 1.84696471e-01 -7.07443708e-02 -6.38694374e-01 -2.40484597e-01 7.30914963e-01 -2.51277705e-03
7.48726883e-01 -5.04154199e-03 6.62858521e-01 -1.07847443e+00 -1.56555417e-01 9.70337161e-01 1.84216198e-01 -6.94098973e-02 -6.44125475e-01 -2.41701872e-01 7.25729055e-01 4.27181394e-03
7.43501433e-01 -4.88459439e-03 6.68715584e-01 -1.08788418e+00 -1.58708476e-01 9.70114822e-01 1.83543835e-01 -6.79754539e-02 -6.49627916e-01 -2.42596109e-01 7.20507301e-01 1.11317737e-02
7.38228458e-01 -4.72978188e-03 6.74533294e-01 -1.09718419e+00 -1.60925023e-01 9.69867159e-01 1.82921630e-01 -6.65626470e-02 -6.55073322e-01 -2.43587409e-01 7.15223194e-01 1.79445589e-02
7.32648187e-01 -4.12046309e-03 6.80594159e-01 -1.10672671e+00 -1.63802847e-01 9.69521007e-01 1.82200746e-01 -6.51027699e-02 -6.60601575e-01 -2.44972485e-01 7.09643640e-01 2.49886061e-02
7.26885378e-01 -3.75558412e-03 6.86747629e-01 -1.11646927e+00 -1.66245694e-01 9.69280969e-01 1.81262829e-01 -6.35181585e-02 -6.66332639e-01 -2.45926309e-01 7.03932619e-01 3.21398342e-02
7.21012436e-01 -3.05488678e-03 6.92914501e-01 -1.12623018e+00 -1.69299225e-01 9.68906638e-01 1.80436074e-01 -6.19743052e-02 -6.71921182e-01 -2.47406719e-01 6.98077299e-01 3.94092718e-02
7.15042023e-01 -2.45569061e-03 6.99076317e-01 -1.13604705e+00 -1.72071396e-01 9.68609987e-01 1.79403743e-01 -6.03347392e-02 -6.77573353e-01 -2.48572431e-01 6.92174996e-01 4.66453649e-02
7.09164968e-01 -1.54333450e-03 7.05040019e-01 -1.14569319e+00 -1.74983990e-01 9.68323688e-01 1.78127448e-01 -5.86144917e-02 -6.82982380e-01 -2.49692653e-01 6.86431872e-01 5.36614909e-02
7.02980934e-01 -9.39321991e-04 7.11207220e-01 -1.15548431e+00 -1.77674434e-01 9.68059158e-01 1.76897912e-01 -5.68597340e-02 -6.88657339e-01 -2.50719394e-01 6.80360896e-01 6.08227466e-02
6.96739254e-01 -2.38997045e-04 7.17323637e-01 -1.16495354e+00 -1.80296629e-01 9.67838691e-01 1.75445289e-01 -5.49907989e-02 -6.94296027e-01 -2.51570839e-01 6.74288729e-01 6.80493100e-02
6.90594544e-01 5.47153068e-04 7.23241086e-01 -1.17436059e+00 -1.83104340e-01 9.67553181e-01 1.74107158e-01 -5.31035119e-02 -6.99679515e-01 -2.52666235e-01 6.68287705e-01 7.54830256e-02
6.84242549e-01 1.63998628e-03 7.29251816e-01 -1.18365135e+00 -1.86212366e-01 9.67239965e-01 1.72544171e-01 -5.10655347e-02 -7.05079102e-01 -2.53857980e-01 6.62132669e-01 8.31768662e-02
6.77348394e-01 2.48359285e-03 7.35657335e-01 -1.19352185e+00 -1.89656017e-01 9.66781311e-01 1.71359797e-01 -4.90787086e-02 -7.10794755e-01 -2.55592346e-01 6.55319328e-01 9.15578525e-02
6.70410471e-01 3.65193110e-03 7.41980571e-01 -1.20291458e+00 -1.93446058e-01 9.66264898e-01 1.70030753e-01 -4.69938173e-02 -7.16329423e-01 -2.57523845e-01 6.48501084e-01 1.00133656e-01
6.63269337e-01 4.73190129e-03 7.48364894e-01 -1.21264018e+00 -1.97019836e-01 9.65809063e-01 1.68510165e-01 -4.48039361e-02 -7.21980817e-01 -2.59210603e-01 6.41524360e-01 1.08816428e-01
6.56015165e-01 5.61323337e-03 7.54725963e-01 -1.22216947e+00 -2.00293050e-01 9.65412492e-01 1.66916449e-01 -4.25872445e-02 -7.27685524e-01 -2.60666325e-01 6.34450041e-01 1.17528364e-01
6.48442794e-01 7.08623838e-03 7.61229495e-01 -1.23189372e+00 -2.04493751e-01 9.64824546e-01 1.65213665e-01 -4.02676960e-02 -7.33282746e-01 -2.62798541e-01 6.27083150e-01 1.26568866e-01
6.41283383e-01 8.07543167e-03 7.67260681e-01 -1.24151803e+00 -2.07730086e-01 9.64429738e-01 1.63472021e-01 -3.79520202e-02 -7.38649530e-01 -2.64215288e-01 6.20150807e-01 1.35184898e-01
6.34037487e-01 9.34407455e-03 7.73244875e-01 -1.25107351e+00 -2.11409838e-01 9.63928495e-01 1.61701329e-01 -3.55991767e-02 -7.43842473e-01 -2.65996560e-01 6.13142747e-01 1.43965451e-01
6.26817692e-01 1.08018919e-02 7.79090121e-01 -1.26048409e+00 -2.15265274e-01 9.63386395e-01 1.59834729e-01 -3.32603051e-02 -7.48838974e-01 -2.67898563e-01 6.06193386e-01 1.52591286e-01
6.19454305e-01 1.20247502e-02 7.84939668e-01 -1.26998275e+00 -2.18755426e-01 9.62921619e-01 1.57884837e-01 -3.08265055e-02 -7.53937528e-01 -2.69512531e-01 5.99116902e-01 1.61353467e-01
6.12090387e-01 1.32862056e-02 7.90675281e-01 -1.27925820e+00 -2.22197093e-01 9.62466975e-01 1.55837850e-01 -2.82658197e-02 -7.58929034e-01 -2.71072871e-01 5.92069378e-01 1.70345529e-01
6.03799849e-01 1.50282082e-02 7.96993390e-01 -1.28923746e+00 -2.26538020e-01 9.61832437e-01 1.53488055e-01 -2.55523997e-02 -7.64268130e-01 -2.73225645e-01 5.84159153e-01 1.79825392e-01
5.95812924e-01 1.65294056e-02 8.02952277e-01 -1.29871143e+00 -2.30815278e-01 9.61132722e-01 1.51485645e-01 -2.30040333e-02 -7.69240397e-01 -2.75591026e-01 5.76470962e-01 1.89130354e-01
5.87472550e-01 1.85631168e-02 8.09030301e-01 -1.30831214e+00 -2.35764671e-01 9.60293915e-01 1.49165241e-01 -2.03780438e-02 -7.74138568e-01 -2.78371513e-01 5.68523287e-01 1.98578728e-01
5.78777318e-01 2.00009576e-02 8.15239456e-01 -1.31800845e+00 -2.39997880e-01 9.59602875e-01 1.46843146e-01 -1.75498638e-02 -7.79369829e-01 -2.80645485e-01 5.60197027e-01 2.08416612e-01
5.69857883e-01 2.13520055e-02 8.21464958e-01 -1.32791296e+00 -2.44018713e-01 9.58966567e-01 1.44351993e-01 -1.46436079e-02 -7.84675952e-01 -2.82713198e-01 5.51685428e-01 2.18268509e-01
5.60713563e-01 2.22701649e-02 8.27709432e-01 -1.33792317e+00 -2.47466011e-01 9.58456029e-01 1.41852366e-01 -1.16139082e-02 -7.90164789e-01 -2.84368754e-01 5.42930864e-01 2.28437924e-01
5.51148794e-01 2.34141064e-02 8.34077577e-01 -1.34804511e+00 -2.51050551e-01 9.57941610e-01 1.39000047e-01 -8.33782365e-03 -7.95743829e-01 -2.86005590e-01 5.33846919e-01 2.38980377e-01
5.41721007e-01 2.48188530e-02 8.40191016e-01 -1.35810568e+00 -2.54973010e-01 9.57319348e-01 1.36117415e-01 -5.10316801e-03 -8.00953618e-01 -2.87963958e-01 5.24928559e-01 2.49275760e-01
5.32157724e-01 2.60374829e-02 8.46243903e-01 -1.36802008e+00 -2.58976976e-01 9.56623609e-01 1.33423092e-01 -1.91409727e-03 -8.06063714e-01 -2.90160084e-01 5.15818138e-01 2.59684703e-01
5.22252094e-01 2.73124765e-02 8.52352844e-01 -1.37771385e+00 -2.63526574e-01 9.55737227e-01 1.30842181e-01 1.15466238e-03 -8.11052522e-01 -2.92950491e-01 5.06333696e-01 2.70101213e-01
5.12546965e-01 2.79676021e-02 8.58202765e-01 -1.38702073e+00 -2.67020664e-01 9.55105397e-01 1.28347954e-01 4.07533377e-03 -8.16085341e-01 -2.94942492e-01 4.97004653e-01 2.79779631e-01
5.02611814e-01 2.86601437e-02 8.64036146e-01 -1.39634650e+00 -2.70606575e-01 9.54441037e-01 1.25753518e-01 7.16149480e-03 -8.21068296e-01 -2.97019350e-01 4.87469292e-01 2.89974439e-01
4.92365480e-01 2.94119687e-02 8.69890587e-01 -1.40561362e+00 -2.74177046e-01 9.53788634e-01 1.22937813e-01 1.04429058e-02 -8.26076804e-01 -2.99034654e-01 4.77677004e-01 3.00527492e-01
4.82178933e-01 3.01557047e-02 8.75552776e-01 -1.41456920e+00 -2.77475226e-01 9.53211486e-01 1.19978929e-01 1.38726653e-02 -8.30969763e-01 -3.00795793e-01 4.67986261e-01 3.11164363e-01
4.71576627e-01 3.08765959e-02 8.81283574e-01 -1.42322778e+00 -2.80851451e-01 9.52604003e-01 1.16908747e-01 1.74157286e-02 -8.35905342e-01 -3.02641467e-01 4.57897829e-01 3.22199206e-01
4.60671570e-01 3.15187345e-02 8.87010062e-01 -1.43169926e+00 -2.83979590e-01 9.52070179e-01 1.13655102e-01 2.10926029e-02 -8.40914434e-01 -3.04250693e-01 4.47542650e-01 3.33379306e-01
4.49579759e-01 3.21929266e-02 8.92659085e-01 -1.43996832e+00 -2.87103341e-01 9.51529978e-01 1.10280905e-01 2.50115078e-02 -8.45842513e-01 -3.05865725e-01 4.37031606e-01 3.45156355e-01
4.38620327e-01 3.29570736e-02 8.98067141e-01 -1.44806094e+00 -2.90273495e-01 9.50956892e-01 1.06872890e-01 2.90024468e-02 -8.50501833e-01 -3.07561978e-01 4.26675853e-01 3.57025878e-01
4.27412673e-01 3.35392417e-02 9.03433505e-01 -1.45593420e+00 -2.93055429e-01 9.50492081e-01 1.03357639e-01 3.30886855e-02 -8.55240780e-01 -3.08932717e-01 4.16081488e-01 3.69048227e-01
4.15134683e-01 3.41812425e-02 9.09116836e-01 -1.46425441e+00 -2.95957589e-01 9.50012173e-01 9.94257189e-02 3.74103746e-02 -8.60274495e-01 -3.10335347e-01 4.04499452e-01 3.81674773e-01
4.03100704e-01 3.46294786e-02 9.14499423e-01 -1.47263321e+00 -2.98631198e-01 9.49560422e-01 9.56759396e-02 4.17011100e-02 -8.65060206e-01 -3.11665351e-01 3.93110156e-01 3.94319344e-01
3.90382088e-01 3.49786631e-02 9.19987428e-01 -1.48124279e+00 -3.01484656e-01 9.49036695e-01 9.18470172e-02 4.60609906e-02 -8.69890092e-01 -3.13217792e-01 3.81032666e-01 4.07360406e-01
3.77335958e-01 3.53289076e-02 9.25401520e-01 -1.48995698e+00 -3.04124031e-01 9.48578056e-01 8.77939150e-02 5.05856403e-02 -8.74714906e-01 -3.14564906e-01 3.68677156e-01 4.20699058e-01
3.64351153e-01 3.55470769e-02 9.30582172e-01 -1.49863781e+00 -3.06334108e-01 9.48235374e-01 8.37175900e-02 5.50595533e-02 -8.79436048e-01 -3.15571916e-01 3.56380079e-01 4.33965597e-01
3.51477563e-01 3.57407918e-02 9.35513058e-01 -1.50721983e+00 -3.08740013e-01 9.47793983e-01 7.97853024e-02 5.94609744e-02 -8.83823069e-01 -3.16873311e-01 3.44163077e-01 4.47265376e-01
3.38042896e-01 3.58776332e-02 9.40445815e-01 -1.51570267e+00 -3.11031231e-01 9.47383251e-01 7.56576772e-02 6.40706340e-02 -8.88249188e-01 -3.18083830e-01 3.31415374e-01 4.61205041e-01
3.24878855e-01 3.60350603e-02 9.45068151e-01 -1.52406168e+00 -3.13190817e-01 9.46990500e-01 7.15547719e-02 6.87589608e-02 -8.92393027e-01 -3.19233563e-01 3.18943159e-01 4.75208071e-01
3.11654960e-01 3.62053472e-02 9.49504578e-01 -1.53198001e+00 -3.15192115e-01 9.46634150e-01 6.73592179e-02 7.36763305e-02 -8.96395675e-01 -3.20269451e-01 3.06434976e-01 4.89691740e-01
2.98213093e-01 3.64641881e-02 9.53801828e-01 -1.53936464e+00 -3.17601837e-01 9.46120132e-01 6.31299354e-02 7.86582948e-02 -9.00110052e-01 -3.21755660e-01 2.93726592e-01 5.04377184e-01
2.84810394e-01 3.65054729e-02 9.57887784e-01 -1.54633332e+00 -3.19911520e-01 9.45603279e-01 5.90824544e-02 8.36813898e-02 -9.03625868e-01 -3.23266925e-01 2.80996235e-01 5.19238786e-01
2.71381147e-01 3.64365232e-02 9.61781262e-01 -1.55301759e+00 -3.22788644e-01 9.44854919e-01 5.52843495e-02 8.85811208e-02 -9.06730283e-01 -3.25455509e-01 2.68177155e-01 5.34052640e-01
2.57598969e-01 3.64210426e-02 9.65564474e-01 -1.55967856e+00 -3.25856260e-01 9.44024936e-01 5.13252061e-02 9.36478079e-02 -9.09648515e-01 -3.27856883e-01 2.55047917e-01 5.49136433e-01
2.43868227e-01 3.64464680e-02 9.69122510e-01 -1.56637347e+00 -3.28220673e-01 9.43425278e-01 4.71127349e-02 9.88775328e-02 -9.12578425e-01 -3.29575686e-01 2.42033970e-01 5.64192921e-01
2.30213380e-01 3.64011805e-02 9.72458344e-01 -1.57255715e+00 -3.30477953e-01 9.42836113e-01 4.29427542e-02 1.04043391e-01 -9.15306505e-01 -3.31262398e-01 2.29083299e-01 5.79098064e-01
2.17185801e-01 3.62710220e-02 9.75455415e-01 -1.57831210e+00 -3.32670600e-01 9.42234820e-01 3.90335170e-02 1.09024904e-01 -9.17693032e-01 -3.32983232e-01 2.16706329e-01 5.93495456e-01
2.03829426e-01 3.61441678e-02 9.78338254e-01 -1.58396468e+00 -3.34509166e-01 9.41745964e-01 3.49001319e-02 1.14227461e-01 -9.20085381e-01 -3.34377155e-01 2.04046081e-01 6.08334455e-01
1.90612276e-01 3.59968392e-02 9.81004414e-01 -1.58922785e+00 -3.36112869e-01 9.41318951e-01 3.07671172e-02 1.19561255e-01 -9.22331279e-01 -3.35593189e-01 1.91525921e-01 6.23442652e-01
1.77382535e-01 3.59291336e-02 9.83485119e-01 -1.59411295e+00 -3.37925921e-01 9.40797229e-01 2.65790242e-02 1.24911271e-01 -9.24305868e-01 -3.37060168e-01 1.79022352e-01 6.38606415e-01
1.63878693e-01 3.60547207e-02 9.85820605e-01 -1.59895648e+00 -3.39922777e-01 9.40193008e-01 2.21213168e-02 1.30513771e-01 -9.26064846e-01 -3.38728483e-01 1.66333387e-01 6.54190074e-01
1.51298238e-01 3.61593975e-02 9.87825787e-01 -1.60344463e+00 -3.41689161e-01 9.39641681e-01 1.79384197e-02 1.36010196e-01 -9.27554444e-01 -3.40243799e-01 1.54521353e-01 6.69366279e-01
1.39826632e-01 3.61082203e-02 9.89516613e-01 -1.60746707e+00 -3.43003317e-01 9.39226757e-01 1.41959531e-02 1.41217632e-01 -9.28868740e-01 -3.41392828e-01 1.43714095e-01 6.83818061e-01
1.28069266e-01 3.56480579e-02 9.91123555e-01 -1.61088253e+00 -3.44447830e-01 9.38743841e-01 1.07440989e-02 1.46412155e-01 -9.30028928e-01 -3.42766739e-01 1.32503062e-01 6.98991187e-01
1.16198632e-01 3.53344151e-02 9.92596485e-01 -1.61389100e+00 -3.45637704e-01 9.38341350e-01 7.05909325e-03 1.51834190e-01 -9.31145670e-01 -3.43899429e-01 1.21246811e-01 7.14248867e-01
1.04592212e-01 3.49135620e-02 9.93901365e-01 -1.61659693e+00 -3.46598826e-01 9.38006705e-01 3.52381599e-03 1.57240369e-01 -9.32163928e-01 -3.44854004e-01 1.10209107e-01 7.29294115e-01
9.35825613e-02 3.47441226e-02 9.95004336e-01 -1.61910218e+00 -3.47684297e-01 9.37611554e-01 -3.95585092e-05 1.62577135e-01 -9.32929710e-01 -3.45944066e-01 9.98239753e-02 7.43850855e-01
8.21138249e-02 3.47231234e-02 9.96017099e-01 -1.62151509e+00 -3.49368448e-01 9.36977354e-01 -3.86224158e-03 1.68109147e-01 -9.33380379e-01 -3.47660194e-01 8.90698453e-02 7.58896940e-01
7.07195550e-02 3.44831078e-02 9.96899224e-01 -1.62366232e+00 -3.50649934e-01 9.36476292e-01 -7.51817507e-03 1.73662720e-01 -9.33832544e-01 -3.49031366e-01 7.83185675e-02 7.74120810e-01
5.89629891e-02 3.41930547e-02 9.97673585e-01 -1.62583303e+00 -3.51300608e-01 9.36194129e-01 -1.13240039e-02 1.79564558e-01 -9.34404158e-01 -3.49816049e-01 6.72127119e-02 7.90153884e-01
4.62121295e-02 3.40508130e-02 9.98350329e-01 -1.62867922e+00 -3.52115146e-01 9.35826206e-01 -1.56194785e-02 1.85887755e-01 -9.34815094e-01 -3.50812853e-01 5.52361883e-02 8.07166744e-01
3.37622700e-02 3.39970657e-02 9.98850689e-01 -1.63174694e+00 -3.52524876e-01 9.35590095e-01 -1.99282402e-02 1.92099364e-01 -9.35193153e-01 -3.51447284e-01 4.35723050e-02 8.23688321e-01
2.15300077e-02 3.41465233e-02 9.99184077e-01 -1.63502271e+00 -3.53105294e-01 9.35266427e-01 -2.43536653e-02 1.98405350e-01 -9.35335768e-01 -3.52293255e-01 3.21934497e-02 8.40207380e-01
9.83134004e-03 3.42136935e-02 9.99365352e-01 -1.63827881e+00 -3.53723279e-01 9.34914827e-01 -2.85274785e-02 2.04533608e-01 -9.35298369e-01 -3.53218730e-01 2.12934744e-02 8.56319973e-01
-1.57927203e-03 3.41685317e-02 9.99413997e-01 -1.64140333e+00 -3.54286525e-01 9.34571434e-01 -3.25115579e-02 2.10595048e-01 -9.35135498e-01 -3.54130668e-01 1.06293266e-02 8.72334624e-01
-1.25899395e-02 3.40956013e-02 9.99338440e-01 -1.64426005e+00 -3.54706520e-01 9.34270873e-01 -3.63443633e-02 2.16562714e-01 -9.34892835e-01 -3.54929839e-01 3.31328283e-04 8.88114347e-01
-2.34156844e-02 3.41656657e-02 9.99141004e-01 -1.64668766e+00 -3.54989846e-01 9.34002808e-01 -4.02577963e-02 2.22663285e-01 -9.34576796e-01 -3.55627979e-01 -9.74204961e-03 9.04044342e-01
-3.40155447e-02 3.41325765e-02 9.98837468e-01 -1.64899016e+00 -3.55431962e-01 9.33665377e-01 -4.40098359e-02 2.28617723e-01 -9.34082986e-01 -3.56516169e-01 -1.96275351e-02 9.19688439e-01
-4.41897118e-02 3.40553602e-02 9.98441697e-01 -1.65119513e+00 -3.55642431e-01 9.33410179e-01 -4.75775535e-02 2.34428999e-01 -9.33576770e-01 -3.57191080e-01 -2.91358131e-02 9.34953540e-01
-5.40410089e-02 3.41733425e-02 9.97952946e-01 -1.65328920e+00 -3.56207135e-01 9.33000987e-01 -5.12384987e-02 2.40160261e-01 -9.32842956e-01 -3.58247336e-01 -3.82477507e-02 9.49813496e-01
-6.39940712e-02 3.44204956e-02 9.97355691e-01 -1.65507145e+00 -3.56337429e-01 9.32733843e-01 -5.50542830e-02 2.46097403e-01 -9.32163248e-01 -3.58918700e-01 -4.74243601e-02 9.65052918e-01
-7.40955037e-02 3.46733089e-02 9.96647425e-01 -1.65675074e+00 -3.56156321e-01 9.32566657e-01 -5.89223599e-02 2.52263867e-01 -9.31483997e-01 -3.59328535e-01 -5.67501247e-02 9.80823202e-01
-8.44842087e-02 3.48872813e-02 9.95813167e-01 -1.65800558e+00 -3.56068544e-01 9.32342245e-01 -6.28723581e-02 2.58512959e-01 -9.30632887e-01 -3.59889823e-01 -6.63461878e-02 9.96824697e-01
-9.51755615e-02 3.50810632e-02 9.94841439e-01 -1.65890054e+00 -3.56166271e-01 9.32021700e-01 -6.69400181e-02 2.64902951e-01 -9.29562848e-01 -3.60700397e-01 -7.62112599e-02 1.01320082e+00
-1.05572355e-01 3.53570169e-02 9.93782150e-01 -1.65944600e+00 -3.55963427e-01 9.31801279e-01 -7.09669375e-02 2.71305385e-01 -9.28517358e-01 -3.61242611e-01 -8.57869166e-02 1.02951446e+00
-1.15893972e-01 3.57096596e-02 9.92618734e-01 -1.65941597e+00 -3.55799852e-01 9.31543406e-01 -7.50542172e-02 2.77859291e-01 -9.27348353e-01 -3.61872294e-01 -9.52550513e-02 1.04610768e+00
-1.25961592e-01 3.59559120e-02 9.91382601e-01 -1.65896878e+00 -3.55366696e-01 9.31388263e-01 -7.89317256e-02 2.84203759e-01 -9.26200903e-01 -3.62247077e-01 -1.04541902e-01 1.06230619e+00
-1.36180506e-01 3.64826540e-02 9.90011329e-01 -1.65806107e+00 -3.54586663e-01 9.31323396e-01 -8.30950167e-02 2.90829868e-01 -9.25053007e-01 -3.62361092e-01 -1.13892124e-01 1.07901845e+00
-1.45928430e-01 3.70543224e-02 9.88600229e-01 -1.65734503e+00 -3.54181885e-01 9.31103902e-01 -8.71805332e-02 2.97243834e-01 -9.23720765e-01 -3.62866749e-01 -1.22750861e-01 1.09508032e+00
-1.56362440e-01 3.74124081e-02 9.86990161e-01 -1.65618134e+00 -3.53483136e-01 9.30975664e-01 -9.12892424e-02 3.03816450e-01 -9.22280025e-01 -3.63158933e-01 -1.32345273e-01 1.11178796e+00
-1.66298820e-01 3.81398748e-02 9.85336733e-01 -1.65474029e+00 -3.52275291e-01 9.31011913e-01 -9.54919184e-02 3.10376415e-01 -9.21003139e-01 -3.62990344e-01 -1.41390753e-01 1.12810118e+00
-1.77795258e-01 3.88029122e-02 9.83301369e-01 -1.65307763e+00 -3.51443717e-01 9.30822927e-01 -1.00278224e-01 3.17520911e-01 -9.19171448e-01 -3.63404436e-01 -1.51859177e-01 1.14587821e+00
-1.89344932e-01 3.92790093e-02 9.81123844e-01 -1.65149172e+00 -3.50896839e-01 9.30511714e-01 -1.04971625e-01 3.24689922e-01 -9.17071330e-01 -3.64149471e-01 -1.62405126e-01 1.16384807e+00
-2.00798512e-01 3.95503380e-02 9.78832994e-01 -1.64983811e+00 -3.50076165e-01 9.30310157e-01 -1.09404667e-01 3.31751200e-01 -9.14946198e-01 -3.64634774e-01 -1.72959600e-01 1.18173055e+00
-2.12838785e-01 3.96328650e-02 9.76282338e-01 -1.64760709e+00 -3.49259041e-01 9.30077849e-01 -1.13898979e-01 3.38963072e-01 -9.12533687e-01 -3.65217912e-01 -1.84114848e-01 1.20017785e+00
-2.24273794e-01 3.91561217e-02 9.73738357e-01 -1.64526876e+00 -3.49540830e-01 9.29475333e-01 -1.17883347e-01 3.45730486e-01 -9.09682608e-01 -3.66799814e-01 -1.94770649e-01 1.21784742e+00
-2.34954718e-01 3.82783093e-02 9.71251428e-01 -1.64295111e+00 -3.49939942e-01 9.28890244e-01 -1.21262555e-01 3.52147786e-01 -9.06828650e-01 -3.68371254e-01 -2.04852404e-01 1.23487107e+00
-2.45774875e-01 3.71773775e-02 9.68612835e-01 -1.64081263e+00 -3.50407012e-01 9.28280206e-01 -1.24541299e-01 3.58669472e-01 -9.03775132e-01 -3.70018257e-01 -2.15121105e-01 1.25224207e+00
-2.57027782e-01 3.63337334e-02 9.65719907e-01 -1.63828821e+00 -3.51184305e-01 9.27465594e-01 -1.28362738e-01 3.65462230e-01 -9.00336717e-01 -3.72138859e-01 -2.25624959e-01 1.26994830e+00
-2.68020413e-01 3.59578122e-02 9.62741093e-01 -1.63539189e+00 -3.50735486e-01 9.27086535e-01 -1.32268497e-01 3.72312098e-01 -8.97301224e-01 -3.73118531e-01 -2.35866826e-01 1.28746251e+00
-2.79474445e-01 3.54602898e-02 9.59497239e-01 -1.63221921e+00 -3.49611336e-01 9.26958068e-01 -1.36089691e-01 3.79292766e-01 -8.94240335e-01 -3.73485091e-01 -2.46664179e-01 1.30560216e+00
-2.91478666e-01 3.53234067e-02 9.55924025e-01 -1.62896301e+00 -3.48406473e-01 9.26756579e-01 -1.40481137e-01 3.86758779e-01 -8.90871994e-01 -3.73997782e-01 -2.57823276e-01 1.32460946e+00
-3.02900286e-01 3.47593093e-02 9.52387267e-01 -1.62539339e+00 -3.47561898e-01 9.26478594e-01 -1.44353462e-01 3.93848745e-01 -8.87384857e-01 -3.74738649e-01 -2.68550042e-01 1.34296407e+00
-3.15157530e-01 3.42928173e-02 9.48418676e-01 -1.62157720e+00 -3.46956794e-01 9.26005734e-01 -1.48775470e-01 4.01408303e-01 -8.83343871e-01 -3.75948450e-01 -2.79939986e-01 1.36217894e+00
-3.27249180e-01 3.38812346e-02 9.44329505e-01 -1.61828196e+00 -3.45750149e-01 9.25763374e-01 -1.53031856e-01 4.08837467e-01 -8.79411407e-01 -3.76582072e-01 -2.91241306e-01 1.38097468e+00
-3.40217209e-01 3.32718474e-02 9.39757123e-01 -1.61466831e+00 -3.44490755e-01 9.25486574e-01 -1.57481520e-01 4.16569489e-01 -8.74973105e-01 -3.77316011e-01 -3.03405086e-01 1.40065792e+00
-3.52739786e-01 3.25473873e-02 9.35154310e-01 -1.61025168e+00 -3.43649351e-01 9.25050859e-01 -1.61820187e-01 4.24350892e-01 -8.70332873e-01 -3.78446032e-01 -3.15117840e-01 1.42054634e+00
-3.65834671e-01 3.20441279e-02 9.30127103e-01 -1.60497116e+00 -3.42225547e-01 9.24754988e-01 -1.66462178e-01 4.32311987e-01 -8.65474585e-01 -3.79211333e-01 -3.27341596e-01 1.44087511e+00
-3.78335138e-01 3.15987045e-02 9.25128273e-01 -1.59958380e+00 -3.40842479e-01 9.24444369e-01 -1.70964368e-01 4.40131146e-01 -8.60632647e-01 -3.80005276e-01 -3.38980083e-01 1.46071065e+00
-3.90748063e-01 3.12783739e-02 9.19965150e-01 -1.59414091e+00 -3.39062698e-01 9.24260540e-01 -1.75438707e-01 4.47890231e-01 -8.55775699e-01 -3.80478637e-01 -3.50548171e-01 1.48034355e+00
-4.02738514e-01 3.12085188e-02 9.14781961e-01 -1.58861776e+00 -3.37052159e-01 9.24135019e-01 -1.79916980e-01 4.55426526e-01 -8.50997759e-01 -3.80789146e-01 -3.61666358e-01 1.49928903e+00
-4.15505153e-01 3.10680588e-02 9.09059139e-01 -1.58249249e+00 -3.35049471e-01 9.23916183e-01 -1.84717462e-01 4.63144174e-01 -8.45634039e-01 -3.81331268e-01 -3.73483099e-01 1.51861432e+00
-4.27659441e-01 3.03131149e-02 9.03430556e-01 -1.57605544e+00 -3.33974388e-01 9.23423136e-01 -1.89078351e-01 4.70393517e-01 -8.39981011e-01 -3.82584243e-01 -3.84787324e-01 1.53727661e+00
-4.40729208e-01 2.97058272e-02 8.97147434e-01 -1.56838016e+00 -3.32174481e-01 9.23104290e-01 -1.93748090e-01 4.78098106e-01 -8.33916887e-01 -3.83400374e-01 -3.96972036e-01 1.55690421e+00
-4.54554386e-01 2.91986890e-02 8.90239228e-01 -1.56003102e+00 -3.29904402e-01 9.22862013e-01 -1.98717228e-01 4.86093063e-01 -8.27371055e-01 -3.84022092e-01 -4.09858728e-01 1.57720733e+00
-4.68303044e-01 2.85880400e-02 8.83104261e-01 -1.55106295e+00 -3.27426427e-01 9.22701917e-01 -2.03501511e-01 4.94009998e-01 -8.20660493e-01 -3.84452512e-01 -4.22744177e-01 1.59750926e+00
-4.81882874e-01 2.79815283e-02 8.75787705e-01 -1.54227828e+00 -3.24997643e-01 9.22490630e-01 -2.08296498e-01 5.02074734e-01 -8.13735142e-01 -3.85003931e-01 -4.35439031e-01 1.61817300e+00
-4.94960774e-01 2.69127715e-02 8.68497421e-01 -1.53302641e+00 -3.23408030e-01 9.22002267e-01 -2.12882551e-01 5.09976675e-01 -8.06486545e-01 -3.86248018e-01 -4.47651681e-01 1.63828308e+00
-5.08457509e-01 2.59352889e-02 8.60695401e-01 -1.52328541e+00 -3.21253329e-01 9.21665143e-01 -2.17553551e-01 5.18091481e-01 -7.98915968e-01 -3.87118452e-01 -4.60296315e-01 1.65896353e+00
-5.22920650e-01 2.48674907e-02 8.52017575e-01 -1.51119944e+00 -3.18631939e-01 9.21406075e-01 -2.22451167e-01 5.26457737e-01 -7.90586611e-01 -3.87804761e-01 -4.73899229e-01 1.68041928e+00
-5.37133823e-01 2.38306417e-02 8.43159323e-01 -1.49819186e+00 -3.15932783e-01 9.21152145e-01 -2.27299696e-01 5.34548623e-01 -7.82095356e-01 -3.88472484e-01 -4.87253656e-01 1.70116637e+00
-5.51578458e-01 2.30420562e-02 8.33803678e-01 -1.48499843e+00 -3.12738828e-01 9.20985895e-01 -2.32334575e-01 5.42777106e-01 -7.73275557e-01 -3.88913974e-01 -5.00790393e-01 1.72206865e+00
-5.65496487e-01 2.25506620e-02 8.24441287e-01 -1.47141609e+00 -3.09412137e-01 9.20813348e-01 -2.37417063e-01 5.51026366e-01 -7.64511123e-01 -3.89351121e-01 -5.13739817e-01 1.74271971e+00
-5.79082511e-01 2.21241990e-02 8.14967601e-01 -1.45715175e+00 -3.05788039e-01 9.20758225e-01 -2.42276575e-01 5.59013434e-01 -7.55748918e-01 -3.89505955e-01 -5.26430246e-01 1.76291714e+00
-5.93210492e-01 2.17177362e-02 8.04753252e-01 -1.44266101e+00 -3.02010815e-01 9.20624491e-01 -2.47467015e-01 5.67127059e-01 -7.46250596e-01 -3.89844721e-01 -5.39565727e-01 1.78324453e+00
-6.06859667e-01 2.08348067e-02 7.94534725e-01 -1.42814420e+00 -2.98438252e-01 9.20536986e-01 -2.52083849e-01 5.74991922e-01 -7.36651284e-01 -3.90099590e-01 -5.52419466e-01 1.80324120e+00
-6.19641895e-01 1.98246403e-02 7.84633089e-01 -1.41469662e+00 -2.95823928e-01 9.20059004e-01 -2.56864982e-01 5.82848453e-01 -7.27001548e-01 -3.91278059e-01 -5.64243119e-01 1.82279743e+00
-6.32316525e-01 1.88953592e-02 7.74478548e-01 -1.40038539e+00 -2.92237768e-01 9.20029591e-01 -2.61041564e-01 5.90606773e-01 -7.17476162e-01 -3.91393279e-01 -5.76228590e-01 1.84256814e+00
-6.44600481e-01 1.71710822e-02 7.64325569e-01 -1.38633321e+00 -2.90210435e-01 9.19422164e-01 -2.65406932e-01 5.98310610e-01 -7.07295663e-01 -3.92897214e-01 -5.87677383e-01 1.86221066e+00
-6.56967360e-01 1.53575304e-02 7.53761377e-01 -1.37181493e+00 -2.87943267e-01 9.18888755e-01 -2.69689114e-01 6.05933398e-01 -6.96765044e-01 -3.94218000e-01 -5.99258464e-01 1.88166679e+00
-6.69768242e-01 1.40080684e-02 7.42436837e-01 -1.35589956e+00 -2.84697925e-01 9.18575849e-01 -2.74163582e-01 6.13638850e-01 -6.85825449e-01 -3.94996847e-01 -6.11245475e-01 1.90094678e+00
-6.82503420e-01 1.14849354e-02 7.30790953e-01 -1.33923776e+00 -2.82703506e-01 9.17902465e-01 -2.78449249e-01 6.21141388e-01 -6.73993186e-01 -3.96640269e-01 -6.23225338e-01 1.91988477e+00
-6.96045696e-01 9.51549715e-03 7.17933200e-01 -1.32053402e+00 -2.79984806e-01 9.17156994e-01 -2.83604994e-01 6.29186123e-01 -6.61156490e-01 -3.98412975e-01 -6.35719551e-01 1.93928487e+00
-7.09650245e-01 7.30392955e-03 7.04515052e-01 -1.30051599e+00 -2.77158095e-01 9.16432226e-01 -2.88679251e-01 6.37139517e-01 -6.47749140e-01 -4.00123911e-01 -6.48322540e-01 1.95833231e+00
-7.23928643e-01 4.98304674e-03 6.89855627e-01 -1.27936475e+00 -2.73915444e-01 9.15696499e-01 -2.94058931e-01 6.45552580e-01 -6.33164004e-01 -4.01840359e-01 -6.61534509e-01 1.97829128e+00
-7.37082167e-01 1.47802583e-03 6.75800270e-01 -1.25825560e+00 -2.71832294e-01 9.14885488e-01 -2.98483096e-01 6.52972857e-01 -6.18721350e-01 -4.03711469e-01 -6.73944495e-01 1.99640080e+00
-7.49620002e-01 -2.13939767e-03 6.61863696e-01 -1.23668748e+00 -2.70237009e-01 9.13834934e-01 -3.03113782e-01 6.60262375e-01 -6.04186036e-01 -4.06080772e-01 -6.85607634e-01 2.01357245e+00
-7.62446929e-01 -7.47680958e-03 6.47006215e-01 -1.21500588e+00 -2.70550575e-01 9.12010780e-01 -3.08283773e-01 6.67942054e-01 -5.87772049e-01 -4.10098448e-01 -6.97383274e-01 2.03121935e+00
-7.74797696e-01 -1.33579491e-02 6.32066752e-01 -1.19268546e+00 -2.71388295e-01 9.10002059e-01 -3.13440372e-01 6.75691540e-01 -5.70995504e-01 -4.14388937e-01 -7.08693239e-01 2.04842843e+00
-7.87851746e-01 -1.88056912e-02 6.15576399e-01 -1.16876748e+00 -2.70767475e-01 9.08325244e-01 -3.18795384e-01 6.84122550e-01 -5.53148769e-01 -4.17842103e-01 -7.20718133e-01 2.06659927e+00
-8.00620954e-01 -2.54550687e-02 5.98628766e-01 -1.14511654e+00 -2.71115566e-01 9.06357627e-01 -3.24056254e-01 6.92575747e-01 -5.34323193e-01 -4.21744358e-01 -7.32550749e-01 2.08464158e+00
-8.12758564e-01 -3.15345412e-02 5.81745129e-01 -1.12258119e+00 -2.70893099e-01 9.04482502e-01 -3.29436743e-01 7.01076946e-01 -5.15789978e-01 -4.25343816e-01 -7.43668960e-01 2.10209478e+00
-8.24678210e-01 -3.78718717e-02 5.64331369e-01 -1.09986838e+00 -2.70513155e-01 9.02649205e-01 -3.34734641e-01 7.09539073e-01 -4.96716550e-01 -4.28707960e-01 -7.54640540e-01 2.11902727e+00
-8.36425019e-01 -4.45745125e-02 5.46264253e-01 -1.07609962e+00 -2.70441760e-01 9.00467809e-01 -3.40615934e-01 7.18455588e-01 -4.76710885e-01 -4.32632889e-01 -7.65229191e-01 2.13581503e+00
-8.48389498e-01 -5.25496042e-02 5.26756285e-01 -1.05018381e+00 -2.70923242e-01 8.97972890e-01 -3.46764275e-01 7.27731616e-01 -4.54790853e-01 -4.36902195e-01 -7.76068264e-01 2.15271505e+00
-8.59724891e-01 -6.09837414e-02 5.07102129e-01 -1.02441556e+00 -2.71981390e-01 8.95032714e-01 -3.53472495e-01 7.37457835e-01 -4.32317224e-01 -4.41811937e-01 -7.86068873e-01 2.16936965e+00
-8.70247876e-01 -7.10196343e-02 4.87466278e-01 -9.98379742e-01 -2.74463479e-01 8.91634040e-01 -3.60081633e-01 7.46926756e-01 -4.09068957e-01 -4.47152442e-01 -7.95435450e-01 2.18516067e+00
-8.80826708e-01 -7.73022135e-02 4.67083744e-01 -9.72310211e-01 -2.72689694e-01 8.89332387e-01 -3.67053921e-01 7.56585699e-01 -3.87018885e-01 -4.50680323e-01 -8.04427698e-01 2.19991703e+00
-8.90890372e-01 -8.29613876e-02 4.46576209e-01 -9.45726699e-01 -2.70137975e-01 8.87174538e-01 -3.74095184e-01 7.66336236e-01 -3.65155827e-01 -4.53915504e-01 -8.12786717e-01 2.21406066e+00
-9.01186155e-01 -8.91736133e-02 4.24158228e-01 -9.17334612e-01 -2.66992184e-01 8.85108040e-01 -3.81181553e-01 7.76507922e-01 -3.41434743e-01 -4.56762970e-01 -8.21456189e-01 2.22868364e+00
-9.11415077e-01 -9.57935615e-02 4.00180950e-01 -8.87589824e-01 -2.63443577e-01 8.82923362e-01 -3.88644107e-01 7.87412686e-01 -3.16099734e-01 -4.59641702e-01 -8.29946255e-01 2.24394210e+00
-9.20849472e-01 -1.04548515e-01 3.75638793e-01 -8.57657065e-01 -2.61487962e-01 8.80216935e-01 -3.96033593e-01 7.98254266e-01 -2.89239109e-01 -4.62912835e-01 -8.37885916e-01 2.25855097e+00
-9.29459624e-01 -1.11995745e-01 3.51511561e-01 -8.28981048e-01 -2.58234324e-01 8.77973872e-01 -4.03084716e-01 8.08430465e-01 -2.63474390e-01 -4.65423815e-01 -8.44962860e-01 2.27138279e+00
-9.37443092e-01 -1.19082065e-01 3.27136994e-01 -8.00001281e-01 -2.54375553e-01 8.75839185e-01 -4.10121034e-01 8.18206930e-01 -2.37681513e-01 -4.67681268e-01 -8.51341365e-01 2.28274496e+00
-9.45180885e-01 -1.25574920e-01 3.01434548e-01 -7.68930129e-01 -2.49219932e-01 8.73877423e-01 -4.17406411e-01 8.27732732e-01 -2.11001234e-01 -4.69648510e-01 -8.57268438e-01 2.29231196e+00
-9.52737744e-01 -1.30953279e-01 2.74118283e-01 -7.36459984e-01 -2.42157694e-01 8.72213431e-01 -4.24975100e-01 8.37105986e-01 -1.83437916e-01 -4.71270101e-01 -8.62702426e-01 2.30060704e+00
-9.59544886e-01 -1.36748822e-01 2.46114250e-01 -7.03335153e-01 -2.34944792e-01 8.70603624e-01 -4.32262306e-01 8.46750165e-01 -1.55156741e-01 -4.72598760e-01 -8.67512096e-01 2.30909419e+00
-9.65653248e-01 -1.42449638e-01 2.17303281e-01 -6.68719259e-01 -2.27066594e-01 8.69193897e-01 -4.39252922e-01 8.56125904e-01 -1.26307396e-01 -4.73508751e-01 -8.71685904e-01 2.31659193e+00
-9.70941599e-01 -1.48021773e-01 1.88044604e-01 -6.33450272e-01 -2.18643129e-01 8.68140975e-01 -4.45563487e-01 8.64885910e-01 -9.72962397e-02 -4.73731195e-01 -8.75278608e-01 2.32288025e+00
-9.74821452e-01 -1.55876976e-01 1.59450185e-01 -5.97724679e-01 -2.12471119e-01 8.66299884e-01 -4.52085077e-01 8.73886512e-01 -6.76621211e-02 -4.74581189e-01 -8.77607520e-01 2.32831587e+00
-9.78153885e-01 -1.61648492e-01 1.30704268e-01 -5.61633755e-01 -2.04219486e-01 8.64695654e-01 -4.58907611e-01 8.82910341e-01 -3.88377708e-02 -4.75574996e-01 -8.78817681e-01 2.33250165e+00
-9.80726943e-01 -1.67374016e-01 1.00794226e-01 -5.24570051e-01 -1.95168747e-01 8.63263521e-01 -4.65495003e-01 8.91595126e-01 -9.10027458e-03 -4.76195720e-01 -8.79292515e-01 2.33539559e+00
-9.82496908e-01 -1.72283284e-01 7.08318396e-02 -4.88630361e-01 -1.85182135e-01 8.62207966e-01 -4.71492602e-01 8.99629620e-01 2.01584741e-02 -4.76357149e-01 -8.79021029e-01 2.33725882e+00
-9.83248861e-01 -1.77226797e-01 4.25592266e-02 -4.53692007e-01 -1.75876251e-01 8.61271015e-01 -4.76739038e-01 9.06691119e-01 4.78358782e-02 -4.76238593e-01 -8.78014256e-01 2.33732795e+00
-9.82828896e-01 -1.83904359e-01 1.50175143e-02 -4.18257730e-01 -1.68256829e-01 8.59840528e-01 -4.82041732e-01 9.13451649e-01 7.57368990e-02 -4.76291631e-01 -8.76019838e-01 2.33546737e+00
-9.82121098e-01 -1.87904246e-01 -1.13657852e-02 -3.83632215e-01 -1.58723213e-01 8.59037336e-01 -4.86684762e-01 9.19507816e-01 1.01213781e-01 -4.76179614e-01 -8.73504020e-01 2.33220445e+00
-9.80570954e-01 -1.92775844e-01 -3.62916893e-02 -3.49565606e-01 -1.50538356e-01 8.58133945e-01 -4.90860983e-01 9.24978530e-01 1.25769309e-01 -4.75860992e-01 -8.70481954e-01 2.32785848e+00
-9.78506906e-01 -1.96938206e-01 -6.11434980e-02 -3.15589174e-01 -1.41543196e-01 8.57069776e-01 -4.95375680e-01 9.30370958e-01 1.49962697e-01 -4.76074355e-01 -8.66524554e-01 2.32278435e+00
-9.76110267e-01 -1.99627292e-01 -8.57713603e-02 -2.81459719e-01 -1.31248449e-01 8.56348350e-01 -4.99441257e-01 9.35699289e-01 1.73152334e-01 -4.76252642e-01 -8.62091738e-01 2.31763125e+00
-9.73002054e-01 -2.02896649e-01 -1.09995379e-01 -2.46756052e-01 -1.21563233e-01 8.55672084e-01 -5.03038681e-01 9.41159615e-01 1.96184911e-01 -4.76086541e-01 -8.57236014e-01 2.31270422e+00
-9.69471263e-01 -2.05792525e-01 -1.33319160e-01 -2.12690729e-01 -1.11874871e-01 8.55050798e-01 -5.06332324e-01 9.46569886e-01 2.18194151e-01 -4.75959831e-01 -8.51970694e-01 2.30768034e+00
-9.65663461e-01 -2.08325486e-01 -1.55221442e-01 -1.79996401e-01 -1.02520603e-01 8.54564269e-01 -5.09126389e-01 9.52005446e-01 2.38710812e-01 -4.75731608e-01 -8.46579623e-01 2.30326927e+00
-9.61670797e-01 -2.10051282e-01 -1.76257748e-01 -1.47673326e-01 -9.28245408e-02 8.54225095e-01 -5.11549913e-01 9.56972558e-01 2.58015626e-01 -4.75581843e-01 -8.40981738e-01 2.29799362e+00
-9.57436399e-01 -2.11537781e-01 -1.96383053e-01 -1.15492857e-01 -8.32420040e-02 8.53817883e-01 -5.13873438e-01 9.61502932e-01 2.76379158e-01 -4.75654092e-01 -8.35085689e-01 2.29178793e+00
-9.52734054e-01 -2.14163285e-01 -2.15478414e-01 -8.42668138e-02 -7.50664270e-02 8.53224628e-01 -5.16113250e-01 9.65629234e-01 2.94384166e-01 -4.75543751e-01 -8.28973130e-01 2.28507935e+00
-9.47886215e-01 -2.15412623e-01 -2.34751363e-01 -5.21054927e-02 -6.53801084e-02 8.52634290e-01 -5.18401699e-01 9.69766087e-01 3.11827520e-01 -4.76038023e-01 -8.22284461e-01 2.27751528e+00
-9.42342527e-01 -2.16836899e-01 -2.54895011e-01 -1.88512173e-02 -5.52354031e-02 8.52013942e-01 -5.20597162e-01 9.73201078e-01 3.30058985e-01 -4.76501862e-01 -8.14866490e-01 2.26802775e+00
-9.36550303e-01 -2.17847408e-01 -2.74618247e-01 1.43882102e-02 -4.47769098e-02 8.51364593e-01 -5.22659954e-01 9.76065454e-01 3.47660609e-01 -4.77201042e-01 -8.07100709e-01 2.25725387e+00
-9.30832599e-01 -2.17289106e-01 -2.93828595e-01 4.67662879e-02 -3.27813822e-02 8.50435728e-01 -5.25056633e-01 9.78433428e-01 3.63971692e-01 -4.79107997e-01 -7.98736725e-01 2.24576360e+00
-9.24199163e-01 -2.18526987e-01 -3.13210847e-01 7.91373816e-02 -2.24244498e-02 8.49752774e-01 -5.26704254e-01 9.80470623e-01 3.81251162e-01 -4.79756291e-01 -7.90241549e-01 2.23371248e+00
-9.17224901e-01 -2.19448565e-01 -3.32475532e-01 1.11821819e-01 -1.16983234e-02 8.49069702e-01 -5.28151305e-01 9.82385854e-01 3.98197224e-01 -4.80544336e-01 -7.81355500e-01 2.22131945e+00
-9.09664041e-01 -2.20590292e-01 -3.51923939e-01 1.44789965e-01 -1.10017230e-03 8.48583826e-01 -5.29059837e-01 9.84198242e-01 4.15342708e-01 -4.80879735e-01 -7.72169314e-01 2.20879646e+00
-9.01519179e-01 -2.22223515e-01 -3.71320731e-01 1.77312319e-01 9.10037518e-03 8.48146488e-01 -5.29683640e-01 9.85479846e-01 4.32642820e-01 -4.80899315e-01 -7.62598446e-01 2.19557306e+00
-8.92489932e-01 -2.26096225e-01 -3.90309349e-01 2.09669932e-01 1.68141282e-02 8.48025918e-01 -5.29687971e-01 9.86251012e-01 4.50753186e-01 -4.79304089e-01 -7.53053447e-01 2.18191619e+00
-8.82806156e-01 -2.30200349e-01 -4.09463340e-01 2.41710427e-01 2.45907773e-02 8.47843383e-01 -5.29676240e-01 9.86974670e-01 4.69092727e-01 -4.77670670e-01 -7.42821031e-01 2.16774440e+00
-8.73175439e-01 -2.34002190e-01 -4.27559095e-01 2.72262676e-01 3.20948127e-02 8.47706578e-01 -5.29493717e-01 9.87193622e-01 4.86347612e-01 -4.76063558e-01 -7.32686749e-01 2.15350149e+00
-8.62998681e-01 -2.35848416e-01 -4.46775083e-01 3.04308763e-01 4.21641921e-02 8.47633865e-01 -5.28903739e-01 9.87421281e-01 5.03443054e-01 -4.75281348e-01 -7.21562997e-01 2.13801191e+00
-8.51806155e-01 -2.39085210e-01 -4.66115622e-01 3.36554409e-01 5.12899647e-02 8.47439458e-01 -5.28408816e-01 9.87571556e-01 5.21339784e-01 -4.74009129e-01 -7.09591875e-01 2.12182514e+00
-8.40088778e-01 -2.43138184e-01 -4.84906051e-01 3.67885301e-01 5.90492321e-02 8.47619214e-01 -5.27309221e-01 9.87361502e-01 5.39224996e-01 -4.71620103e-01 -6.97718640e-01 2.10589032e+00
-8.27292499e-01 -2.47692502e-01 -5.04216938e-01 4.00526681e-01 6.64081537e-02 8.48136303e-01 -5.25599551e-01 9.86288472e-01 5.57832091e-01 -4.68308910e-01 -6.85208359e-01 2.08765781e+00
-8.14651758e-01 -2.51250272e-01 -5.22699686e-01 4.31877626e-01 7.45635410e-02 8.48428373e-01 -5.24032116e-01 9.84704287e-01 5.75136800e-01 -4.65878244e-01 -6.72439944e-01 2.06845341e+00
-8.01964787e-01 -2.53662198e-01 -5.40839336e-01 4.63147749e-01 8.41385515e-02 8.48376515e-01 -5.22664406e-01 9.83398297e-01 5.91415953e-01 -4.64664066e-01 -6.59025707e-01 2.04904129e+00
-7.88420092e-01 -2.55520133e-01 -5.59555548e-01 4.93987040e-01 9.40520442e-02 8.48875412e-01 -5.20158417e-01 9.81180733e-01 6.07904306e-01 -4.62730876e-01 -6.45238602e-01 2.02902606e+00
-7.73885990e-01 -2.59231818e-01 -5.77839567e-01 5.24172052e-01 1.02352886e-01 8.49203774e-01 -5.18050991e-01 9.78196604e-01 6.24999296e-01 -4.60056106e-01 -6.30654134e-01 2.00700875e+00
-7.59355237e-01 -2.61110752e-01 -5.95986614e-01 5.53832578e-01 1.12659840e-01 8.49355673e-01 -5.15657529e-01 9.75115906e-01 6.40848821e-01 -4.58711152e-01 -6.15546304e-01 1.98465961e+00
-7.44594554e-01 -2.62482893e-01 -6.13743382e-01 5.82858411e-01 1.23599580e-01 8.49329340e-01 -5.13188829e-01 9.71945901e-01 6.55974069e-01 -4.57976164e-01 -5.99963536e-01 1.96232986e+00
-7.28871024e-01 -2.64948066e-01 -6.31307205e-01 6.11717794e-01 1.32949240e-01 8.49762448e-01 -5.10125688e-01 9.68049905e-01 6.71618496e-01 -4.55747782e-01 -5.84142894e-01 1.93884268e+00
-7.12755689e-01 -2.67354853e-01 -6.48459719e-01 6.39735012e-01 1.41708636e-01 8.50553350e-01 -5.06436204e-01 9.62959374e-01 6.86948284e-01 -4.52857733e-01 -5.68350553e-01 1.91369607e+00
-6.95924859e-01 -2.68909050e-01 -6.65864745e-01 6.66985163e-01 1.51987205e-01 8.51079590e-01 -5.02556919e-01 9.57291369e-01 7.01846510e-01 -4.50944878e-01 -5.51416963e-01 1.88742423e+00
-6.78963274e-01 -2.70120231e-01 -6.82673662e-01 6.93668397e-01 1.62106404e-01 8.51747304e-01 -4.98244986e-01 9.51431562e-01 7.16052063e-01 -4.48955890e-01 -5.34517144e-01 1.86110499e+00
-6.61862257e-01 -2.70582954e-01 -6.99087039e-01 7.19406447e-01 1.73216196e-01 8.52139948e-01 -4.93815546e-01 9.45374234e-01 7.29338578e-01 -4.47931139e-01 -5.17130096e-01 1.83452709e+00
-6.44592766e-01 -2.71578567e-01 -7.14664070e-01 7.44302103e-01 1.83523199e-01 8.52483518e-01 -4.89480597e-01 9.39297286e-01 7.42172307e-01 -4.46673162e-01 -4.99663873e-01 1.80816282e+00
-6.27032294e-01 -2.72608148e-01 -7.29736099e-01 7.69061260e-01 1.93537178e-01 8.52880726e-01 -4.84910262e-01 9.33440034e-01 7.54568886e-01 -4.45285526e-01 -4.82024078e-01 1.78241243e+00
-6.09711019e-01 -2.74052095e-01 -7.43738829e-01 7.93840565e-01 2.01972982e-01 8.53633409e-01 -4.80122022e-01 9.27628050e-01 7.66459248e-01 -4.42950911e-01 -4.65118674e-01 1.75688117e+00
-5.92348356e-01 -2.75454605e-01 -7.57131229e-01 8.17335823e-01 2.09773227e-01 8.54598832e-01 -4.75032882e-01 9.21232909e-01 7.77893965e-01 -4.40210877e-01 -4.48437306e-01 1.73115129e+00
-5.74684897e-01 -2.76115751e-01 -7.70387527e-01 8.40104162e-01 2.17928345e-01 8.55738811e-01 -4.69274596e-01 9.13996931e-01 7.88825071e-01 -4.37574371e-01 -4.31606774e-01 1.70435897e+00
-5.57088130e-01 -2.77018013e-01 -7.82887895e-01 8.60196770e-01 2.25190134e-01 8.57011790e-01 -4.63487395e-01 9.06013190e-01 7.99338919e-01 -4.34502024e-01 -4.15049422e-01 1.67744218e+00
-5.37961113e-01 -2.78611065e-01 -7.95596205e-01 8.79882815e-01 2.32838766e-01 8.57973621e-01 -4.57894816e-01 8.97872718e-01 8.10175590e-01 -4.31575286e-01 -3.96685037e-01 1.64917402e+00
-5.17811184e-01 -2.80564535e-01 -8.08179912e-01 8.98881223e-01 2.40323728e-01 8.58946780e-01 -4.52167303e-01 8.89442380e-01 8.21046124e-01 -4.28362123e-01 -3.77345946e-01 1.62019970e+00
-4.97991473e-01 -2.82099984e-01 -8.20014485e-01 9.16428827e-01 2.47010326e-01 8.60291631e-01 -4.45964714e-01 8.80340873e-01 8.31258710e-01 -4.24638687e-01 -3.58736303e-01 1.59113226e+00
-4.76409606e-01 -2.84405817e-01 -8.31953709e-01 9.33883434e-01 2.51723508e-01 8.62506212e-01 -4.38997406e-01 8.70566325e-01 8.42419079e-01 -4.18564885e-01 -3.39314607e-01 1.56082077e+00
-4.54791055e-01 -2.88020930e-01 -8.42738839e-01 9.50328018e-01 2.55219421e-01 8.64425843e-01 -4.33164411e-01 8.61471618e-01 8.53246072e-01 -4.12082632e-01 -3.19624590e-01 1.53101030e+00
-4.32730318e-01 -2.90710137e-01 -8.53364956e-01 9.66541667e-01 2.59279421e-01 8.66456295e-01 -4.26647394e-01 8.52252845e-01 8.63434605e-01 -4.05883251e-01 -2.99566743e-01 1.50079216e+00
-4.10649740e-01 -2.93727027e-01 -8.63186505e-01 9.82103096e-01 2.61621181e-01 8.68927001e-01 -4.20143571e-01 8.43746928e-01 8.73453965e-01 -3.98359735e-01 -2.79979416e-01 1.47222648e+00
-3.88530096e-01 -2.96251163e-01 -8.72513241e-01 9.97171531e-01 2.64571155e-01 8.71166579e-01 -4.13607709e-01 8.35670567e-01 8.82636506e-01 -3.91540889e-01 -2.60094883e-01 1.44427267e+00
-3.66713752e-01 -2.99153663e-01 -8.80924396e-01 1.01116923e+00 2.67610628e-01 8.72951775e-01 -4.07848202e-01 8.28284032e-01 8.91014221e-01 -3.85308289e-01 -2.40066666e-01 1.41687121e+00
-3.43732602e-01 -3.02072370e-01 -8.89156824e-01 1.02436868e+00 2.68767811e-01 8.75596353e-01 -4.01366716e-01 8.20042535e-01 8.99784733e-01 -3.76939551e-01 -2.19783625e-01 1.38854945e+00
-3.19599567e-01 -3.05607305e-01 -8.96916900e-01 1.03786331e+00 2.69287654e-01 8.78238198e-01 -3.95198795e-01 8.12279700e-01 9.08482822e-01 -3.67833995e-01 -1.98388218e-01 1.35970588e+00
-2.95583949e-01 -3.08695887e-01 -9.04066690e-01 1.05037585e+00 2.69320627e-01 8.81040698e-01 -3.88888054e-01 8.04427982e-01 9.16568250e-01 -3.58432843e-01 -1.77283245e-01 1.33116112e+00
-2.72930493e-01 -3.11409657e-01 -9.10237620e-01 1.06170594e+00 2.69759577e-01 8.83428454e-01 -3.83124147e-01 7.97237303e-01 9.23438952e-01 -3.50111550e-01 -1.57108745e-01 1.30404464e+00
-2.49842850e-01 -3.13740165e-01 -9.16048708e-01 1.07220251e+00 2.72436719e-01 8.85056438e-01 -3.77430122e-01 7.90052030e-01 9.29170423e-01 -3.43863463e-01 -1.35650585e-01 1.27616721e+00
-2.27310140e-01 -3.15841653e-01 -9.21180633e-01 1.08192956e+00 2.75644576e-01 8.86390055e-01 -3.71931356e-01 7.83105728e-01 9.33997367e-01 -3.38462149e-01 -1.14425295e-01 1.24888329e+00
-2.04418604e-01 -3.17423727e-01 -9.25988572e-01 1.09133797e+00 2.78831163e-01 8.87894327e-01 -3.65919482e-01 7.75832430e-01 9.38332064e-01 -3.32995167e-01 -9.29943672e-02 1.22108754e+00
-1.80816376e-01 -3.19074344e-01 -9.30320668e-01 1.10109293e+00 2.81724382e-01 8.89472175e-01 -3.59820441e-01 7.68918653e-01 9.42304404e-01 -3.27155395e-01 -7.09399795e-02 1.19332147e+00
-1.56666921e-01 -3.20601979e-01 -9.34167727e-01 1.11031938e+00 2.83088617e-01 8.91585104e-01 -3.53464176e-01 7.62074744e-01 9.46211976e-01 -3.19828340e-01 -4.89229738e-02 1.16608949e+00
-1.34861950e-01 -3.21376381e-01 -9.37298757e-01 1.11819848e+00 2.85323506e-01 8.93279210e-01 -3.47336814e-01 7.56014871e-01 9.48895976e-01 -3.14275834e-01 -2.87729779e-02 1.14182948e+00
-1.14207723e-01 -3.22111431e-01 -9.39787375e-01 1.12499469e+00 2.87268035e-01 8.94858218e-01 -3.41622523e-01 7.50234593e-01 9.51017608e-01 -3.08986743e-01 -9.66722754e-03 1.11880571e+00
-9.42160245e-02 -3.22633010e-01 -9.41823132e-01 1.13031198e+00 2.89708750e-01 8.96204017e-01 -3.35987128e-01 7.44484663e-01 9.52466843e-01 -3.04509698e-01 9.03301410e-03 1.09690867e+00
-7.40723524e-02 -3.23156230e-01 -9.43441992e-01 1.13455614e+00 2.92709328e-01 8.97326806e-01 -3.30342150e-01 7.38340708e-01 9.53328574e-01 -3.00623425e-01 2.81239357e-02 1.07422896e+00
-5.51182386e-02 -3.23605458e-01 -9.44585043e-01 1.13780351e+00 2.96216612e-01 8.98134517e-01 -3.24977032e-01 7.32217375e-01 9.53529498e-01 -2.97713861e-01 4.63539357e-02 1.05228531e+00
-3.59660157e-02 -3.23923723e-01 -9.45399014e-01 1.14150290e+00 2.99407525e-01 8.99063007e-01 -3.19438258e-01 7.26416848e-01 9.53447661e-01 -2.94548402e-01 6.46497150e-02 1.03081242e+00
-1.59927534e-02 -3.23929478e-01 -9.45945729e-01 1.14500204e+00 3.03011945e-01 9.00007379e-01 -3.13321567e-01 7.20159958e-01 9.52852978e-01 -2.91643637e-01 8.37611503e-02 1.00832495e+00
3.25003247e-03 -3.23753706e-01 -9.46135479e-01 1.14801462e+00 3.06576566e-01 9.00902295e-01 -3.07222744e-01 7.14027542e-01 9.51840912e-01 -2.89064385e-01 1.02183515e-01 9.86789291e-01
2.13578025e-02 -3.23539655e-01 -9.45973183e-01 1.15086936e+00 3.09893424e-01 9.01730087e-01 -3.01411366e-01 7.08109040e-01 9.50531826e-01 -2.86713286e-01 1.19522055e-01 9.66155214e-01
3.77965290e-02 -3.23104458e-01 -9.45607827e-01 1.15323376e+00 3.12938978e-01 9.02512736e-01 -2.95871221e-01 7.02483562e-01 9.49021262e-01 -2.84734560e-01 1.35224116e-01 9.47160120e-01
5.31153145e-02 -3.22848694e-01 -9.44958564e-01 1.15541245e+00 3.15988496e-01 9.03102343e-01 -2.90787202e-01 6.97219126e-01 9.47275436e-01 -2.83150695e-01 1.49985343e-01 9.29093972e-01
6.80269060e-02 -3.22572382e-01 -9.44096709e-01 1.15700560e+00 3.18837366e-01 9.03694601e-01 -2.85794547e-01 6.91886486e-01 9.45365428e-01 -2.81571491e-01 1.64323998e-01 9.11224909e-01
8.24021191e-02 -3.22187493e-01 -9.43082360e-01 1.15785207e+00 3.21379699e-01 9.04337586e-01 -2.80870685e-01 6.86622076e-01 9.43358697e-01 -2.79943091e-01 1.78064194e-01 8.94317109e-01
9.60081203e-02 -3.21453666e-01 -9.42045234e-01 1.15847903e+00 3.23380284e-01 9.05151833e-01 -2.75907712e-01 6.81563993e-01 9.41386350e-01 -2.78149377e-01 1.90854061e-01 8.78503666e-01
1.08803979e-01 -3.20712307e-01 -9.40906224e-01 1.15901177e+00 3.25190348e-01 9.05929831e-01 -2.71186552e-01 6.76803151e-01 9.39368690e-01 -2.76467365e-01 2.02861675e-01 8.63617019e-01
1.20981810e-01 -3.19897173e-01 -9.39695881e-01 1.15943893e+00 3.26768205e-01 9.06722381e-01 -2.66602392e-01 6.72222202e-01 9.37329484e-01 -2.74808622e-01 2.14229496e-01 8.49353616e-01
1.32042132e-01 -3.19303822e-01 -9.38407743e-01 1.15991239e+00 3.28532495e-01 9.07285369e-01 -2.62486973e-01 6.68027718e-01 9.35217516e-01 -2.73638032e-01 2.24701953e-01 8.35814695e-01
1.42208047e-01 -3.18810124e-01 -9.37089151e-01 1.16011226e+00 3.30235820e-01 9.07750586e-01 -2.58714034e-01 6.64141738e-01 9.33124693e-01 -2.72669132e-01 2.34372337e-01 8.23359815e-01
1.51996403e-01 -3.18171717e-01 -9.35768652e-01 1.16032556e+00 3.31715970e-01 9.08277339e-01 -2.54944180e-01 6.60392656e-01 9.31054302e-01 -2.71658744e-01 2.43597920e-01 8.11480770e-01
1.60791169e-01 -3.17734006e-01 -9.34446580e-01 1.16061326e+00 3.33198533e-01 9.08658316e-01 -2.51631823e-01 6.57054528e-01 9.29045434e-01 -2.70896000e-01 2.51973133e-01 8.00561469e-01
1.68683618e-01 -3.17109886e-01 -9.33266405e-01 1.16107701e+00 3.34479806e-01 9.09067916e-01 -2.48432141e-01 6.53968191e-01 9.27183652e-01 -2.70252295e-01 2.59412117e-01 7.90601130e-01
1.76135973e-01 -3.16716017e-01 -9.32022613e-01 1.16136837e+00 3.35553495e-01 9.09434537e-01 -2.45626706e-01 6.51106567e-01 9.25408231e-01 -2.69479710e-01 2.66459705e-01 7.81249456e-01
1.82961861e-01 -3.16195674e-01 -9.30883631e-01 1.16166191e+00 3.36804499e-01 9.09727856e-01 -2.42812138e-01 6.48433751e-01 9.23627650e-01 -2.69100401e-01 2.72942049e-01 7.72630500e-01
1.89208071e-01 -3.15706242e-01 -9.29800503e-01 1.16205873e+00 3.37750874e-01 9.10051649e-01 -2.40270917e-01 6.46004169e-01 9.22022270e-01 -2.68579687e-01 2.78819599e-01 7.64661619e-01
1.94690883e-01 -3.15248987e-01 -9.28823244e-01 1.16247042e+00 3.38649393e-01 9.10318525e-01 -2.37984225e-01 6.43853789e-01 9.20550076e-01 -2.68212017e-01 2.83990031e-01 7.57501007e-01
1.99338125e-01 -3.14838287e-01 -9.27976437e-01 1.16305804e+00 3.39534915e-01 9.10511017e-01 -2.35977673e-01 6.42053976e-01 9.19228380e-01 -2.68040989e-01 2.88398582e-01 7.51257160e-01
2.03030093e-01 -3.14277863e-01 -9.27365760e-01 1.16383165e+00 3.40170895e-01 9.10740400e-01 -2.34169587e-01 6.40570891e-01 9.18184631e-01 -2.67919306e-01 2.91816317e-01 7.46098522e-01
2.05839118e-01 -3.13568105e-01 -9.26986724e-01 1.16477541e+00 3.40561357e-01 9.11011426e-01 -2.32542195e-01 6.39358694e-01 9.17414168e-01 -2.67829503e-01 2.94311392e-01 7.41912776e-01
2.08102495e-01 -3.12722394e-01 -9.26767013e-01 1.16581257e+00 3.40914028e-01 9.11285117e-01 -2.30947433e-01 6.38329564e-01 9.16772302e-01 -2.67887067e-01 2.96252598e-01 7.38463138e-01
2.09789641e-01 -3.11792047e-01 -9.26700070e-01 1.16698132e+00 3.41059621e-01 9.11596187e-01 -2.29500273e-01 6.37528841e-01 9.16333540e-01 -2.67913125e-01 2.97583543e-01 7.35750573e-01
2.10802717e-01 -3.10813420e-01 -9.26798937e-01 1.16833187e+00 3.41129536e-01 9.11890590e-01 -2.28223243e-01 6.36971823e-01 9.16074966e-01 -2.68048340e-01 2.98257092e-01 7.33780087e-01
2.11314815e-01 -3.09784516e-01 -9.27026749e-01 1.16987737e+00 3.41190985e-01 9.12162092e-01 -2.27043320e-01 6.36571185e-01 9.15934060e-01 -2.68315493e-01 2.98449490e-01 7.32255374e-01
2.10926627e-01 -3.08758504e-01 -9.27457302e-01 1.17170548e+00 3.41122387e-01 9.12405111e-01 -2.26168126e-01 6.36506522e-01 9.16049052e-01 -2.68671523e-01 2.97775413e-01 7.31591144e-01
