1.00000000e+00 0.00000000e+00 0.00000000e+00 0.00000000e+00 0.00000000e+00 1.00000000e+00 0.00000000e+00 0.00000000e+00 0.00000000e+00 0.00000000e+00 1.00000000e+00 0.00000000e+00
9.99999900e-01 -7.86979729e-05 -3.91809046e-04 1.96397933e-04 7.92673878e-05 9.99998954e-01 1.45349551e-03 -6.02687044e-04 3.91694256e-04 -1.45352643e-03 9.99998866e-01 -1.49999650e-03
9.99999658e-01 -1.56246487e-04 -7.68590097e-04 3.72065933e-04 1.58479775e-04 9.99995791e-01 2.90649227e-03 -1.20741238e-03 7.68132701e-04 -2.90661322e-03 9.99995486e-01 -3.00201162e-03
9.99999257e-01 -2.29935393e-04 -1.15295853e-03 5.64403731e-04 2.34959002e-04 9.99990515e-01 4.35890938e-03 -1.81460816e-03 1.15194525e-03 -4.35917727e-03 9.99989844e-01 -4.51277179e-03
9.99998698e-01 -2.99866377e-04 -1.54096227e-03 7.64744846e-04 3.08817481e-04 9.99983121e-01 5.81182612e-03 -2.42461375e-03 1.53919337e-03 -5.81229489e-03 9.99981935e-01 -6.02727774e-03
9.99998127e-01 -3.72755168e-04 -1.86458255e-03 8.65140876e-04 3.86292861e-04 9.99973603e-01 7.26535675e-03 -3.03679803e-03 1.86182496e-03 -7.26606384e-03 9.99971903e-01 -7.53098407e-03
9.99997631e-01 -4.51162073e-04 -2.11117623e-03 8.36685035e-04 4.69566877e-04 9.99961897e-01 8.72542420e-03 -3.65520337e-03 2.10715903e-03 -8.72639496e-03 9.99959775e-01 -9.00725386e-03
9.99997180e-01 -5.28495883e-04 -2.29012727e-03 7.12393421e-04 5.51803882e-04 9.99948012e-01 1.01889378e-02 -4.27570947e-03 2.28462324e-03 -1.01901732e-02 9.99945525e-01 -1.04639594e-02
9.99996932e-01 -5.98782538e-04 -2.37649067e-03 4.72960475e-04 6.26390066e-04 9.99932235e-01 1.16332340e-02 -4.88766724e-03 2.36936354e-03 -1.16346876e-02 9.99929590e-01 -1.19045913e-02
9.99996606e-01 -6.66170095e-04 -2.48964632e-03 2.70264204e-04 6.98657703e-04 9.99914402e-01 1.30710643e-02 -5.50026261e-03 2.48072547e-03 -1.30727603e-02 9.99911526e-01 -1.33572805e-02
9.99995919e-01 -7.38572127e-04 -2.72207117e-03 2.30747195e-04 7.77999489e-04 9.99894444e-01 1.45118250e-02 -6.11831489e-03 2.71106575e-03 -1.45138853e-02 9.99890996e-01 -1.48430964e-02
9.99995347e-01 -8.09933393e-04 -2.89945639e-03 1.14688890e-04 8.56070380e-04 9.99872509e-01 1.59465528e-02 -6.73470506e-03 2.88617115e-03 -1.59489630e-02 9.99868613e-01 -1.63248417e-02
9.99995300e-01 -8.82257951e-04 -2.89353304e-03 -2.47358598e-04 9.32398716e-04 9.99848661e-01 1.73732140e-02 -7.34418500e-03 2.87776758e-03 -1.73758327e-02 9.99844855e-01 -1.77527586e-02
9.99995336e-01 -9.51752046e-04 -2.85772056e-03 -6.53189151e-04 1.00527766e-03 9.99823026e-01 1.87875114e-02 -7.95002438e-03 2.83933378e-03 -1.87902991e-02 9.99819394e-01 -1.91685359e-02
9.99995187e-01 -1.02671771e-03 -2.88265018e-03 -9.88478951e-04 1.08477068e-03 9.99795200e-01 2.02099159e-02 -8.56259592e-03 2.86130994e-03 -2.02129482e-02 9.99791583e-01 -2.06039039e-02
9.99995273e-01 -1.10352286e-03 -2.82178369e-03 -1.42078469e-03 1.16433174e-03 9.99765174e-01 2.16397134e-02 -9.17753910e-03 2.79724120e-03 -2.16428994e-02 9.99761821e-01 -2.20220394e-02
9.99995548e-01 -1.16452161e-03 -2.69311239e-03 -1.94071314e-03 1.22626920e-03 9.99733754e-01 2.30410807e-02 -9.78375602e-03 2.66556373e-03 -2.30442839e-02 9.99730824e-01 -2.34355227e-02
9.99995724e-01 -1.23606019e-03 -2.59108273e-03 -2.42257397e-03 1.29904486e-03 9.99700237e-01 2.44491381e-02 -1.03954558e-02 2.56008550e-03 -2.44524032e-02 9.99697666e-01 -2.48617745e-02
9.99996316e-01 -1.29434594e-03 -2.32985167e-03 -3.11349361e-03 1.35417114e-03 9.99664627e-01 2.58618929e-02 -1.10115521e-02 2.29559604e-03 -2.58649553e-02 9.99662799e-01 -2.62471964e-02
9.99996718e-01 -1.34046114e-03 -2.10961350e-03 -3.77258409e-03 1.39749762e-03 9.99627130e-01 2.72713021e-02 -1.16270785e-02 2.07227063e-03 -2.72741649e-02 9.99625826e-01 -2.76347650e-02
9.99997180e-01 -1.38664246e-03 -1.85866740e-03 -4.46950689e-03 1.43940170e-03 9.99587325e-01 2.86912796e-02 -1.22484235e-02 1.81811564e-03 -2.86938768e-02 9.99586609e-01 -2.90169669e-02
9.99997603e-01 -1.43459936e-03 -1.58570349e-03 -5.19286171e-03 1.48170169e-03 9.99545431e-01 3.01134314e-02 -1.28718449e-02 1.54178177e-03 -3.01157104e-02 9.99545270e-01 -3.03886779e-02
9.99997833e-01 -1.48214321e-03 -1.36535364e-03 -5.85605328e-03 1.52448581e-03 9.99500983e-01 3.15515271e-02 -1.35049047e-02 1.31790825e-03 -3.15535436e-02 9.99501188e-01 -3.17727734e-02
9.99998130e-01 -1.52811951e-03 -1.07902492e-03 -6.61293556e-03 1.56287315e-03 9.99454880e-01 3.29776845e-02 -1.41357991e-02 1.02804269e-03 -3.29793117e-02 9.99455513e-01 -3.31546491e-02
9.99998306e-01 -1.58355034e-03 -8.33006319e-04 -7.32207531e-03 1.61128262e-03 9.99406248e-01 3.44170651e-02 -1.47741097e-02 7.78010375e-04 -3.44183499e-02 9.99407223e-01 -3.45241385e-02
9.99998467e-01 -1.62009571e-03 -5.28576668e-04 -8.10349214e-03 1.63800033e-03 9.99356127e-01 3.58416173e-02 -1.54101164e-02 4.70169265e-04 -3.58424283e-02 9.99357367e-01 -3.59124292e-02
9.99998504e-01 -1.66566674e-03 -1.38574444e-04 -8.97621313e-03 1.66967330e-03 9.99304389e-01 3.72551799e-02 -1.60436666e-02 7.64230724e-05 -3.72553571e-02 9.99305795e-01 -3.72900254e-02
9.99998428e-01 -1.69632465e-03 2.26480170e-04 -9.82675884e-03 1.68630030e-03 9.99250920e-01 3.86626119e-02 -1.66745104e-02 -2.91895163e-04 -3.86621715e-02 9.99252331e-01 -3.86821281e-02
9.99998173e-01 -1.73462435e-03 6.77830392e-04 -1.07609932e-02 1.70608660e-03 9.99196254e-01 4.00494658e-02 -1.72991787e-02 -7.46756722e-04 -4.00482375e-02 9.99197511e-01 -4.00553039e-02
9.99997708e-01 -1.77511532e-03 1.09167693e-03 -1.16679119e-02 1.72834634e-03 9.99139261e-01 4.14454979e-02 -1.79290966e-02 -1.16430826e-03 -4.14435198e-02 9.99140164e-01 -4.14416614e-02
9.99997060e-01 -1.78660793e-03 1.56767721e-03 -1.26237763e-02 1.71782134e-03 9.99080720e-01 4.28336701e-02 -1.85578217e-02 -1.64276358e-03 -4.28308545e-02 9.99080975e-01 -4.28378783e-02
9.99996060e-01 -1.78872609e-03 2.09832089e-03 -1.36263037e-02 1.69415763e-03 9.99019676e-01 4.42361012e-02 -1.91958420e-02 -2.17539062e-03 -4.42323774e-02 9.99018895e-01 -4.42094795e-02
9.99994705e-01 -1.80286186e-03 2.66410025e-03 -1.46708433e-02 1.67936409e-03 9.98955960e-01 4.56530776e-02 -1.98440953e-02 -2.74362554e-03 -4.56483659e-02 9.98953823e-01 -4.55829688e-02
9.99993110e-01 -1.81212110e-03 3.19507628e-03 -1.56846537e-02 1.65973966e-03 9.98890396e-01 4.70667889e-02 -2.04934524e-02 -3.27682225e-03 -4.70611679e-02 9.98886645e-01 -4.69586249e-02
9.99991306e-01 -1.80886198e-03 3.71407160e-03 -1.67018266e-02 1.62667875e-03 9.98822746e-01 4.84825411e-02 -2.11473606e-02 -3.79739791e-03 -4.84760861e-02 9.98817129e-01 -4.83387921e-02
9.99989473e-01 -1.82059138e-03 4.17615633e-03 -1.76613169e-02 1.60984907e-03 9.98751782e-01 4.99230892e-02 -2.18122837e-02 -4.26183389e-03 -4.99158478e-02 9.98744323e-01 -4.97037653e-02
9.99987260e-01 -1.83715958e-03 4.66890681e-03 -1.86544537e-02 1.59493448e-03 9.98678666e-01 5.13648876e-02 -2.24793687e-02 -4.75710417e-03 -5.13567942e-02 9.98668997e-01 -5.10594185e-02
9.99984632e-01 -1.85992843e-03 5.18980828e-03 -1.96861268e-02 1.58334588e-03 9.98603942e-01 5.27977578e-02 -2.31444449e-02 -5.28076432e-03 -5.27887387e-02 9.98591665e-01 -5.24218474e-02
9.99981787e-01 -1.88369746e-03 5.70156034e-03 -2.07260754e-02 1.57165099e-03 9.98526242e-01 5.42480976e-02 -2.38198869e-02 -5.79534577e-03 -5.42381597e-02 9.98511141e-01 -5.37916838e-02
9.99978678e-01 -1.90277408e-03 6.21498409e-03 -2.17586566e-02 1.55364325e-03 9.98446051e-01 5.57051926e-02 -2.45011430e-02 -6.31132178e-03 -5.56943616e-02 9.98427844e-01 -5.51423215e-02
9.99975121e-01 -1.91485168e-03 6.75553781e-03 -2.28308703e-02 1.52564298e-03 9.98364162e-01 5.71551587e-02 -2.51807741e-02 -6.85393132e-03 -5.71434461e-02 9.98342369e-01 -5.64932162e-02
9.99971114e-01 -1.93768528e-03 7.32097547e-03 -2.39392811e-02 1.50539747e-03 9.98280538e-01 5.85986215e-02 -2.58576801e-02 -7.42193352e-03 -5.85859220e-02 9.98254744e-01 -5.78287178e-02
9.99966876e-01 -1.95793550e-03 7.87645309e-03 -2.50438826e-02 1.48139387e-03 9.98193767e-01 6.00592462e-02 -2.65433537e-02 -7.97981907e-03 -6.00456003e-02 9.98163729e-01 -5.91596923e-02
9.99962272e-01 -1.97578048e-03 8.43886250e-03 -2.61603561e-02 1.45278830e-03 9.98103791e-01 6.15367613e-02 -2.72384358e-02 -8.54444482e-03 -6.15221893e-02 9.98069130e-01 -6.05070115e-02
9.99957384e-01 -2.00147511e-03 8.99619940e-03 -2.72779664e-02 1.43057453e-03 9.98011012e-01 6.30244387e-02 -2.79393656e-02 -9.10444857e-03 -6.30088901e-02 9.97971470e-01 -6.18458183e-02
9.99951981e-01 -2.03468091e-03 9.57211898e-03 -2.84238532e-02 1.41333699e-03 9.97918299e-01 6.44764222e-02 -2.86283036e-02 -9.68338203e-03 -6.44598032e-02 9.97873381e-01 -6.32017529e-02
9.99946047e-01 -2.06382497e-03 1.01672806e-02 -2.95901864e-02 1.38908960e-03 9.97823437e-01 6.59289389e-02 -2.93203103e-02 -1.02812169e-02 -6.59112645e-02 9.97772595e-01 -6.45588287e-02
9.99939245e-01 -2.10461708e-03 1.08051838e-02 -3.07985865e-02 1.37212228e-03 9.97728122e-01 6.73562245e-02 -3.00031176e-02 -1.09223952e-02 -6.73373158e-02 9.97670520e-01 -6.59007466e-02
9.99931845e-01 -2.14530102e-03 1.14637645e-02 -3.20209727e-02 1.35188979e-03 9.97631351e-01 6.87751079e-02 -3.06856267e-02 -1.15841546e-02 -6.87549300e-02 9.97566384e-01 -6.72191778e-02
9.99923984e-01 -2.15388867e-03 1.21296997e-02 -3.32458340e-02 1.29695724e-03 9.97531000e-01 7.02170547e-02 -3.13790721e-02 -1.22509910e-02 -7.01959908e-02 9.97458093e-01 -6.85436698e-02
9.99915642e-01 -2.16019461e-03 1.27988137e-02 -3.44715553e-02 1.23755295e-03 9.97428328e-01 7.16621457e-02 -3.20761512e-02 -1.29207028e-02 -7.16402651e-02 9.97346988e-01 -6.98605034e-02
9.99906466e-01 -2.16372743e-03 1.34956601e-02 -3.57337286e-02 1.17155999e-03 9.97324287e-01 7.30966269e-02 -3.27710187e-02 -1.36177107e-02 -7.30739839e-02 9.97233666e-01 -7.11754506e-02
9.99896555e-01 -2.15923983e-03 1.42102818e-02 -3.70198298e-02 1.09420275e-03 9.97217993e-01 7.45335638e-02 -3.34686949e-02 -1.43316853e-02 -7.45103128e-02 9.97117327e-01 -7.24987083e-02
9.99885386e-01 -2.16124791e-03 1.49754871e-02 -3.83548813e-02 1.01757843e-03 9.97110411e-01 7.59601814e-02 -3.41656491e-02 -1.50963840e-02 -7.59362444e-02 9.96998456e-01 -7.38311026e-02
9.99873231e-01 -2.16533388e-03 1.57645733e-02 -3.97131860e-02 9.39203241e-04 9.97001838e-01 7.73733164e-02 -3.48590834e-02 -1.58848485e-02 -7.73487122e-02 9.96877612e-01 -7.51703976e-02
9.99860694e-01 -2.18184968e-03 1.65382300e-02 -4.10535088e-02 8.72223394e-04 9.96891348e-01 7.87850203e-02 -3.55543344e-02 -1.66587160e-02 -7.87596314e-02 9.96754507e-01 -7.65083007e-02
9.99847126e-01 -2.18584020e-03 1.73372622e-02 -4.24220194e-02 7.88463592e-04 9.96778555e-01 8.02003832e-02 -3.62539343e-02 -1.74567169e-02 -8.01744681e-02 9.96628026e-01 -7.78255155e-02
9.99832534e-01 -2.17008091e-03 1.81619403e-02 -4.38243295e-02 6.80733297e-04 9.96664108e-01 8.16114349e-02 -3.69517325e-02 -1.82784575e-02 -8.15854173e-02 9.96498809e-01 -7.91329473e-02
9.99817454e-01 -2.15111591e-03 1.89772599e-02 -4.52166051e-02 5.68576857e-04 9.96549010e-01 8.30056096e-02 -3.76441521e-02 -1.90903255e-02 -8.29796767e-02 9.96368450e-01 -8.04538731e-02
9.99801491e-01 -2.13990052e-03 1.98023307e-02 -4.66331383e-02 4.61401986e-04 9.96433475e-01 8.43818780e-02 -3.83299365e-02 -1.99122752e-02 -8.43559978e-02 9.96236796e-01 -8.18064595e-02
9.99785448e-01 -2.11752363e-03 2.05976455e-02 -4.80371652e-02 3.43104274e-04 9.96314855e-01 8.57714178e-02 -3.90212882e-02 -2.07033653e-02 -8.57459591e-02 9.96101957e-01 -8.31509128e-02
9.99768768e-01 -2.09391876e-03 2.13932196e-02 -4.94563850e-02 2.21255987e-04 9.96193894e-01 8.71651806e-02 -3.97150549e-02 -2.14943148e-02 -8.71403066e-02 9.95964145e-01 -8.45154713e-02
9.99749656e-01 -2.10230244e-03 2.22664814e-02 -5.09453716e-02 1.23255129e-04 9.96075227e-01 8.85109125e-02 -4.03906368e-02 -2.23651715e-02 -8.84860295e-02 9.95826265e-01 -8.58825284e-02
9.99727842e-01 -2.09177334e-03 2.32267470e-02 -5.25296099e-02 -3.42011287e-06 9.95956076e-01 8.98418144e-02 -4.10578574e-02 -2.33207529e-02 -8.98174600e-02 9.95685153e-01 -8.72347025e-02
9.99703830e-01 -2.05622056e-03 2.42419240e-02 -5.41855501e-02 -1.62830149e-04 9.95834211e-01 9.11823800e-02 -4.17316426e-02 -2.43284334e-02 -9.11593361e-02 9.95539086e-01 -8.86217706e-02
9.99679517e-01 -2.04000044e-03 2.52254777e-02 -5.58013544e-02 -3.03366785e-04 9.95708401e-01 9.25459081e-02 -4.24188558e-02 -2.53060181e-02 -9.25239177e-02 9.95388824e-01 -8.99855957e-02
9.99654815e-01 -2.02613820e-03 2.61875680e-02 -5.74030260e-02 -4.42018258e-04 9.95581452e-01 9.39014639e-02 -4.31049844e-02 -2.62621174e-02 -9.38806405e-02 9.95237048e-01 -9.13584570e-02
9.99629699e-01 -1.98855522e-03 2.71330570e-02 -5.89993697e-02 -6.05481773e-04 9.95452051e-01 9.52627181e-02 -4.37950047e-02 -2.71990946e-02 -9.52438806e-02 9.95082387e-01 -9.27330438e-02
9.99601276e-01 -1.94203558e-03 2.81639062e-02 -6.07003361e-02 -7.88158540e-04 9.95322462e-01 9.66057659e-02 -4.44789715e-02 -2.82197837e-02 -9.65894541e-02 9.94924236e-01 -9.41028823e-02
9.99571478e-01 -1.88503440e-03 2.92056168e-02 -6.24468664e-02 -9.84778433e-04 9.95192114e-01 9.79375858e-02 -4.51580297e-02 -2.92498189e-02 -9.79243901e-02 9.94763968e-01 -9.54733907e-02
9.99542024e-01 -1.85305161e-03 3.01981380e-02 -6.41595183e-02 -1.15438919e-03 9.95059939e-01 9.92696195e-02 -4.58396475e-02 -3.02329131e-02 -9.92590322e-02 9.94602264e-01 -9.68375653e-02
9.99511182e-01 -1.84452311e-03 3.12036438e-02 -6.58965168e-02 -1.30305870e-03 9.94930969e-01 1.00552191e-01 -4.65006680e-02 -3.12309465e-02 -1.00543710e-01 9.94442405e-01 -9.82194780e-02
9.99479103e-01 -1.83992394e-03 3.22156914e-02 -6.76358416e-02 -1.45037768e-03 9.94802541e-01 1.01813218e-01 -4.71534508e-02 -3.22355827e-02 -1.01806915e-01 9.94281865e-01 -9.96091005e-02
9.99446874e-01 -1.80568819e-03 3.32019324e-02 -6.94030163e-02 -1.62642122e-03 9.94674486e-01 1.03054049e-01 -4.78026721e-02 -3.32112015e-02 -1.03051056e-01 9.94121557e-01 -1.01017653e-01
9.99410974e-01 -1.78839036e-03 3.42671583e-02 -7.12215454e-02 -1.79528803e-03 9.94547943e-01 1.04265153e-01 -4.84452796e-02 -3.42668036e-02 -1.04265261e-01 9.93959109e-01 -1.02425611e-01
9.99374058e-01 -1.77951444e-03 3.53286445e-02 -7.30289628e-02 -1.95900476e-03 9.94416837e-01 1.05505258e-01 -4.91028493e-02 -3.53191526e-02 -1.05508424e-01 9.93791098e-01 -1.03849679e-01
9.99337044e-01 -1.78480186e-03 3.63603660e-02 -7.48033417e-02 -2.10854550e-03 9.94282841e-01 1.06757602e-01 -4.97694052e-02 -3.63430365e-02 -1.06763492e-01 9.93620107e-01 -1.05292864e-01
9.99293632e-01 -1.78646936e-03 3.75349970e-02 -7.67799879e-02 -2.27689278e-03 9.94155435e-01 1.07934278e-01 -5.04044946e-02 -3.75084492e-02 -1.07943493e-01 9.93449326e-01 -1.06757884e-01
9.99247475e-01 -1.81197013e-03 3.87426899e-02 -7.88158927e-02 -2.42744845e-03 9.94028012e-01 1.09098542e-01 -5.10339875e-02 -3.87090073e-02 -1.09110486e-01 9.93275780e-01 -1.08240588e-01
9.99196105e-01 -1.83046007e-03 4.00444096e-02 -8.09600591e-02 -2.59608307e-03 9.93904982e-01 1.10210134e-01 -5.16479135e-02 -4.00020766e-02 -1.10225496e-01 9.93101432e-01 -1.09703622e-01
9.99145133e-01 -1.85318203e-03 4.12953525e-02 -8.30772839e-02 -2.75892950e-03 9.93777523e-01 1.11349620e-01 -5.22758027e-02 -4.12447481e-02 -1.11368366e-01 9.92923061e-01 -1.11131329e-01
9.99090039e-01 -1.87014622e-03 4.26073970e-02 -8.52756748e-02 -2.93575123e-03 9.93652670e-01 1.12453614e-01 -5.28839724e-02 -4.25472648e-02 -1.12476368e-01 9.92743195e-01 -1.12525281e-01
9.99033297e-01 -1.88033805e-03 4.39166776e-02 -8.74992521e-02 -3.12170900e-03 9.93527079e-01 1.13552714e-01 -5.34903839e-02 -4.38459342e-02 -1.13580042e-01 9.92560965e-01 -1.13941042e-01
9.98973424e-01 -1.88564869e-03 4.52577187e-02 -8.97936231e-02 -3.31860187e-03 9.93401416e-01 1.14641240e-01 -5.40915177e-02 -4.51752643e-02 -1.14673751e-01 9.92375559e-01 -1.15364312e-01
9.98909682e-01 -1.87395415e-03 4.66436089e-02 -9.21491816e-02 -3.53878302e-03 9.93278825e-01 1.15691803e-01 -5.46787984e-02 -4.65469226e-02 -1.15730733e-01 9.92189411e-01 -1.16792927e-01
9.98843448e-01 -1.85988616e-03 4.80410072e-02 -9.45419165e-02 -3.76485395e-03 9.93156919e-01 1.16726486e-01 -5.52593147e-02 -4.79293705e-02 -1.16772369e-01 9.92001490e-01 -1.18213827e-01
9.98767569e-01 -1.86324297e-03 4.95929847e-02 -9.71494944e-02 -3.99264123e-03 9.93038952e-01 1.17718114e-01 -5.58218403e-02 -4.94671198e-02 -1.17771062e-01 9.91807873e-01 -1.19616360e-01
9.98687606e-01 -1.87325369e-03 5.11774299e-02 -9.97846194e-02 -4.22015177e-03 9.92921467e-01 1.18696975e-01 -5.63821759e-02 -5.10375370e-02 -1.18757197e-01 9.91610672e-01 -1.21021352e-01
9.98606271e-01 -1.87934841e-03 5.27408849e-02 -1.02437037e-01 -4.45207338e-03 9.92803206e-01 1.19673580e-01 -5.69423087e-02 -5.25862486e-02 -1.19741612e-01 9.91411357e-01 -1.22425897e-01
9.98524784e-01 -1.90067958e-03 5.42604982e-02 -1.05069073e-01 -4.66724675e-03 9.92682656e-01 1.20661109e-01 -5.75078854e-02 -5.40928172e-02 -1.20736379e-01 9.91209581e-01 -1.23804058e-01
9.98441214e-01 -1.92450709e-03 5.57759171e-02 -1.07740694e-01 -4.88190067e-03 9.92562353e-01 1.21638207e-01 -5.80671290e-02 -5.55951948e-02 -1.21720922e-01 9.91005983e-01 -1.25139333e-01
9.98357401e-01 -1.95639511e-03 5.72549694e-02 -1.10388193e-01 -5.08732880e-03 9.92440550e-01 1.22619511e-01 -5.86227071e-02 -5.70620738e-02 -1.22709408e-01 9.90800633e-01 -1.26483088e-01
9.98272667e-01 -2.00125035e-03 5.87123862e-02 -1.13000458e-01 -5.28046690e-03 9.92317101e-01 1.23606262e-01 -5.91881522e-02 -5.85087034e-02 -1.23702818e-01 9.90592690e-01 -1.27841542e-01
9.98184566e-01 -2.02779918e-03 6.01903102e-02 -1.15685599e-01 -5.49679696e-03 9.92193555e-01 1.24584584e-01 -5.97543430e-02 -5.99731042e-02 -1.24689306e-01 9.90381366e-01 -1.29193100e-01
9.98088462e-01 -2.03530669e-03 6.17632950e-02 -1.18504461e-01 -5.74588141e-03 9.92071092e-01 1.25544865e-01 -6.03107618e-02 -6.15291361e-02 -1.25659807e-01 9.90163238e-01 -1.30494402e-01
9.97986892e-01 -2.06011942e-03 6.33823782e-02 -1.21349066e-01 -5.98567026e-03 9.91949795e-01 1.26488679e-01 -6.08634099e-02 -6.31327516e-02 -1.26613473e-01 9.89940785e-01 -1.31819971e-01
9.97882977e-01 -2.03860126e-03 6.49984868e-02 -1.24261369e-01 -6.27161876e-03 9.91832407e-01 1.27392045e-01 -6.14017793e-02 -6.47273412e-02 -1.27530043e-01 9.89720119e-01 -1.33117555e-01
9.97777985e-01 -2.00485294e-03 6.65913551e-02 -1.27192723e-01 -6.56879316e-03 9.91715835e-01 1.28281507e-01 -6.19375730e-02 -6.62969204e-02 -1.28433940e-01 9.89499296e-01 -1.34416391e-01
9.97666409e-01 -1.89854344e-03 6.82453547e-02 -1.30234477e-01 -6.94679642e-03 9.91601835e-01 1.29139665e-01 -6.24624276e-02 -6.79174338e-02 -1.29312446e-01 9.89274918e-01 -1.35695933e-01
9.97544532e-01 -1.78802443e-03 7.00068032e-02 -1.33374350e-01 -7.34588050e-03 9.91486945e-01 1.29996556e-01 -6.29926690e-02 -6.96433103e-02 -1.30191671e-01 9.89039540e-01 -1.37013209e-01
9.97419279e-01 -1.69110309e-03 7.17711806e-02 -1.36528190e-01 -7.73775661e-03 9.91366105e-01 1.30892197e-01 -6.35405847e-02 -7.13729109e-02 -1.31109810e-01 9.88794901e-01 -1.38281804e-01
9.97291923e-01 -1.60277196e-03 7.35215791e-02 -1.39685511e-01 -8.12386792e-03 9.91241876e-01 1.31806202e-01 -6.40969228e-02 -7.30889698e-02 -1.32046600e-01 9.88544840e-01 -1.39541807e-01
9.97154851e-01 -1.44802448e-03 7.53609854e-02 -1.42993364e-01 -8.58743552e-03 9.91122673e-01 1.32670390e-01 -6.46281019e-02 -7.48841350e-02 -1.32940135e-01 9.88290739e-01 -1.40748286e-01
9.97013396e-01 -1.18705134e-03 7.72143916e-02 -1.46344485e-01 -9.15659134e-03 9.91010558e-01 1.33467650e-01 -6.51330223e-02 -7.66787515e-02 -1.33776110e-01 9.88040312e-01 -1.41923027e-01
9.96867276e-01 -9.42369426e-04 7.90816013e-02 -1.49794726e-01 -9.71170915e-03 9.90902378e-01 1.34229444e-01 -6.56141080e-02 -7.84886842e-02 -1.34577019e-01 9.87789357e-01 -1.43053191e-01
9.96715478e-01 -6.56263714e-04 8.09749379e-02 -1.53313192e-01 -1.03170409e-02 9.90788640e-01 1.35021675e-01 -6.61061200e-02 -8.03176991e-02 -1.35413681e-01 9.87527961e-01 -1.44146593e-01
9.96564901e-01 -3.98192200e-04 8.28089250e-02 -1.56778525e-01 -1.08893260e-02 9.90674600e-01 1.35811425e-01 -6.65953871e-02 -8.20908150e-02 -1.36246706e-01 9.87267545e-01 -1.45216551e-01
9.96417185e-01 -2.23151405e-04 8.45679927e-02 -1.60209573e-01 -1.13708081e-02 9.90562135e-01 1.36589657e-01 -6.70735687e-02 -8.38003739e-02 -1.37061964e-01 9.87011001e-01 -1.46226937e-01
9.96264594e-01 -1.15507223e-04 8.63472312e-02 -1.63674873e-01 -1.17943872e-02 9.90444086e-01 1.37407224e-01 -6.75691755e-02 -8.55380192e-02 -1.37912437e-01 9.86743449e-01 -1.47289612e-01
9.96106638e-01 -6.91217684e-05 8.81503573e-02 -1.67194011e-01 -1.21655573e-02 9.90322505e-01 1.38248383e-01 -6.80741477e-02 -8.73068866e-02 -1.38782611e-01 9.86466432e-01 -1.48391884e-01
9.95943353e-01 1.98103390e-04 8.99761331e-02 -1.70757871e-01 -1.27581039e-02 9.90204387e-01 1.39038933e-01 -6.85686617e-02 -8.90672627e-02 -1.39622910e-01 9.86190454e-01 -1.49489539e-01
9.95768438e-01 3.28136775e-04 9.18910937e-02 -1.74441669e-01 -1.32297275e-02 9.90087213e-01 1.39827063e-01 -6.90333158e-02 -9.09343566e-02 -1.40451155e-01 9.85902429e-01 -1.50480037e-01
9.95589599e-01 2.40584941e-04 9.38090652e-02 -1.78191854e-01 -1.34935671e-02 9.89964573e-01 1.40667477e-01 -6.94964759e-02 -9.28338565e-02 -1.41312984e-01 9.85602169e-01 -1.51395134e-01
9.95408788e-01 3.93100651e-04 9.57081007e-02 -1.81867465e-01 -1.39957176e-02 9.89839416e-01 1.41496425e-01 -6.99939859e-02 -9.46800800e-02 -1.42186368e-01 9.85300900e-01 -1.52467792e-01
9.95214843e-01 5.21628945e-04 9.77035511e-02 -1.85624889e-01 -1.44911672e-02 9.89713590e-01 1.42324017e-01 -7.04775543e-02 -9.66243481e-02 -1.43058888e-01 9.84985804e-01 -1.53512213e-01
9.95021094e-01 7.04763074e-04 9.96562964e-02 -1.89373962e-01 -1.50380725e-02 9.89586342e-01 1.43149759e-01 -7.09712503e-02 -9.85176833e-02 -1.43935749e-01 9.84670426e-01 -1.54557936e-01
9.94818113e-01 7.99964893e-04 1.01661664e-01 -1.93157347e-01 -1.55104317e-02 9.89456770e-01 1.43992612e-01 -7.14421040e-02 -1.00474688e-01 -1.44823357e-01 9.84342502e-01 -1.55561334e-01
9.94607782e-01 8.20937626e-04 1.03698919e-01 -1.96972108e-01 -1.59199259e-02 9.89323526e-01 1.44860819e-01 -7.19250363e-02 -1.02472914e-01 -1.45730662e-01 9.84002536e-01 -1.56619279e-01
9.94393234e-01 7.46878046e-04 1.05736908e-01 -2.00784956e-01 -1.62406630e-02 9.89188181e-01 1.45746678e-01 -7.24084197e-02 -1.04484905e-01 -1.46646838e-01 9.83654753e-01 -1.57633463e-01
9.94185542e-01 7.78376375e-04 1.07672042e-01 -2.04478306e-01 -1.66581866e-02 9.89045835e-01 1.46662769e-01 -7.29260827e-02 -1.06378484e-01 -1.47603711e-01 9.83308644e-01 -1.58792087e-01
9.93966189e-01 6.57343271e-04 1.09679205e-01 -2.08255687e-01 -1.69416750e-02 9.88900546e-01 1.47606888e-01 -7.34434428e-02 -1.08364859e-01 -1.48574495e-01 9.82945451e-01 -1.59885939e-01
9.93739588e-01 4.15549149e-04 1.11714674e-01 -2.12075838e-01 -1.71160984e-02 9.88752480e-01 1.48575571e-01 -7.39623404e-02 -1.10396478e-01 -1.49557639e-01 9.82570219e-01 -1.60883763e-01
9.93500177e-01 1.94291874e-04 1.13824777e-01 -2.16013271e-01 -1.73258813e-02 9.88603665e-01 1.49538546e-01 -7.44989823e-02 -1.12498591e-01 -1.50538777e-01 9.82181918e-01 -1.61934586e-01
9.93256507e-01 -1.93951451e-04 1.15932176e-01 -2.20009135e-01 -1.73766798e-02 9.88452387e-01 1.50529516e-01 -7.50262343e-02 -1.14622687e-01 -1.51529025e-01 9.81783985e-01 -1.62892968e-01
9.93000555e-01 -6.33359635e-04 1.18102908e-01 -2.24084078e-01 -1.73917923e-02 9.88299396e-01 1.51528952e-01 -7.55373000e-02 -1.16817065e-01 -1.52522444e-01 9.81371406e-01 -1.63775495e-01
9.92745544e-01 -1.08714204e-03 1.20224260e-01 -2.28065760e-01 -1.73885491e-02 9.88146919e-01 1.52520480e-01 -7.60611198e-02 -1.18965106e-01 -1.53504648e-01 9.80960110e-01 -1.64721063e-01
9.92466151e-01 -1.57044453e-03 1.22503860e-01 -2.32207424e-01 -1.73826843e-02 9.87996638e-01 1.53491664e-01 -7.65752859e-02 -1.21274513e-01 -1.54464828e-01 9.80526497e-01 -1.65629221e-01
9.92188411e-01 -1.97041947e-03 1.24727762e-01 -2.36280316e-01 -1.74530131e-02 9.87847352e-01 1.54441568e-01 -7.71141220e-02 -1.23516372e-01 -1.55412114e-01 9.80096838e-01 -1.66649392e-01
9.91902896e-01 -2.38974906e-03 1.26971292e-01 -2.40416067e-01 -1.75161287e-02 9.87691848e-01 1.55425951e-01 -7.76736501e-02 -1.25780008e-01 -1.56391602e-01 9.79653045e-01 -1.67681134e-01
9.91597746e-01 -2.78295315e-03 1.29324970e-01 -2.44643488e-01 -1.76262053e-02 9.87536217e-01 1.56399580e-01 -7.82308600e-02 -1.28148413e-01 -1.57365092e-01 9.79190084e-01 -1.68703979e-01
9.91270556e-01 -3.06281187e-03 1.31803334e-01 -2.48975123e-01 -1.78664259e-02 9.87386481e-01 1.57314990e-01 -7.88060661e-02 -1.30622725e-01 -1.58296677e-01 9.78712898e-01 -1.69903777e-01
9.90921336e-01 -3.28188752e-03 1.34398596e-01 -2.53401176e-01 -1.81911488e-02 9.87234213e-01 1.58230735e-01 -7.93854761e-02 -1.33202258e-01 -1.59239175e-01 9.78212225e-01 -1.71082693e-01
9.90547586e-01 -3.45726075e-03 1.37121945e-01 -2.57967441e-01 -1.85833880e-02 9.87082231e-01 1.59130847e-01 -7.99463764e-02 -1.35900859e-01 -1.60174957e-01 9.77688157e-01 -1.72149155e-01
9.90133437e-01 -3.68525024e-03 1.40075391e-01 -2.62846277e-01 -1.89643267e-02 9.86931894e-01 1.60016019e-01 -8.04950890e-02 -1.38834632e-01 -1.61093733e-01 9.77124872e-01 -1.73152506e-01
9.89695243e-01 -3.89689852e-03 1.43132902e-01 -2.67887749e-01 -1.93714658e-02 9.86794807e-01 1.60810599e-01 -8.10062484e-02 -1.41869536e-01 -1.61926270e-01 9.76551137e-01 -1.74130833e-01
9.89254165e-01 -4.12890907e-03 1.46143899e-01 -2.72858210e-01 -1.97475499e-02 9.86666922e-01 1.61547656e-01 -8.14972576e-02 -1.44862445e-01 -1.62697763e-01 9.75983339e-01 -1.75134355e-01
9.88797354e-01 -4.39070195e-03 1.49195768e-01 -2.77911139e-01 -2.01020935e-02 9.86542836e-01 1.62260050e-01 -8.19797528e-02 -1.47900535e-01 -1.63441544e-01 9.75403217e-01 -1.76164232e-01
9.88318208e-01 -4.68001342e-03 1.52328592e-01 -2.83097581e-01 -2.04411229e-02 9.86425534e-01 1.62929495e-01 -8.24564785e-02 -1.51023403e-01 -1.64140052e-01 9.74807215e-01 -1.77228546e-01
9.87806844e-01 -4.93336383e-03 1.55602153e-01 -2.88412593e-01 -2.08451280e-02 9.86305829e-01 1.63601646e-01 -8.29477260e-02 -1.54278492e-01 -1.64850477e-01 9.74177395e-01 -1.78314128e-01
9.87284288e-01 -5.12431657e-03 1.58878123e-01 -2.93777112e-01 -2.13096536e-02 9.86191776e-01 1.64228071e-01 -8.34321521e-02 -1.57525936e-01 -1.65525527e-01 9.73543037e-01 -1.79393543e-01
9.86736659e-01 -5.28529022e-03 1.62239178e-01 -2.99189410e-01 -2.18247155e-02 9.86074854e-01 1.64861167e-01 -8.39195318e-02 -1.60851402e-01 -1.66215486e-01 9.72881448e-01 -1.80428368e-01
9.86157711e-01 -5.55386784e-03 1.65712978e-01 -3.04737978e-01 -2.22626691e-02 9.85953120e-01 1.65529333e-01 -8.44117213e-02 -1.64304642e-01 -1.66927353e-01 9.72182239e-01 -1.81383720e-01
9.85555853e-01 -5.85170403e-03 1.69245552e-01 -3.10418366e-01 -2.26789329e-02 9.85839150e-01 1.66150287e-01 -8.48849787e-02 -1.67821247e-01 -1.67588807e-01 9.71467477e-01 -1.82293187e-01
9.84932412e-01 -6.26183967e-03 1.72822521e-01 -3.16199582e-01 -2.29851903e-02 9.85737453e-01 1.66710867e-01 -8.53353545e-02 -1.71401636e-01 -1.68171402e-01 9.70741453e-01 -1.83158193e-01
9.84272168e-01 -6.58347089e-03 1.76532045e-01 -3.22107014e-01 -2.33920508e-02 9.85647930e-01 1.67182873e-01 -8.57511074e-02 -1.75099172e-01 -1.68683009e-01 9.69992489e-01 -1.83947736e-01
9.83620182e-01 -6.97397911e-03 1.80114982e-01 -3.27876828e-01 -2.37269202e-02 9.85546284e-01 1.67734313e-01 -8.61867158e-02 -1.78681503e-01 -1.69260533e-01 9.69238369e-01 -1.84733645e-01
9.82951096e-01 -7.44378048e-03 1.83713033e-01 -3.33662279e-01 -2.39938595e-02 9.85442171e-01 1.68307128e-01 -8.66346570e-02 -1.82291484e-01 -1.69845758e-01 9.68463488e-01 -1.85537569e-01
9.82264197e-01 -7.83929036e-03 1.87334851e-01 -3.39503395e-01 -2.43442812e-02 9.85335828e-01 1.68878646e-01 -8.70858690e-02 -1.85911699e-01 -1.70444083e-01 9.67669853e-01 -1.86339113e-01
9.81534526e-01 -8.19998157e-03 1.91105796e-01 -3.45565261e-01 -2.47620674e-02 9.85226584e-01 1.69454161e-01 -8.75448149e-02 -1.89672102e-01 -1.71057389e-01 9.66831502e-01 -1.87104353e-01
9.80794684e-01 -8.46222790e-03 1.94855996e-01 -3.51565196e-01 -2.52886421e-02 9.85107044e-01 1.70070075e-01 -8.79989105e-02 -1.93393267e-01 -1.71731574e-01 9.65974411e-01 -1.87787634e-01
9.80037707e-01 -8.79181941e-03 1.98613905e-01 -3.57645568e-01 -2.57527390e-02 9.84990279e-01 1.70675465e-01 -8.84575354e-02 -1.97133404e-01 -1.72383341e-01 9.65101893e-01 -1.88452054e-01
9.79231196e-01 -9.16603566e-03 2.02536149e-01 -3.63922518e-01 -2.62024284e-02 9.84877499e-01 1.71256678e-01 -8.89222687e-02 -2.01043135e-01 -1.73006917e-01 9.64183345e-01 -1.89058411e-01
9.78400685e-01 -9.45246955e-03 2.06497914e-01 -3.70259301e-01 -2.67461639e-02 9.84767731e-01 1.71803016e-01 -8.93670112e-02 -2.04976535e-01 -1.73615310e-01 9.63245375e-01 -1.89593467e-01
9.77541979e-01 -9.78724787e-03 2.10510174e-01 -3.76693066e-01 -2.72587495e-02 9.84656224e-01 1.72360606e-01 -8.98236335e-02 -2.08967179e-01 -1.74228059e-01 9.62276812e-01 -1.90122989e-01
9.76688227e-01 -1.01889640e-02 2.14417875e-01 -3.82986433e-01 -2.76731798e-02 9.84560850e-01 1.72838844e-01 -9.02563090e-02 -2.12868587e-01 -1.74743367e-01 9.61327798e-01 -1.90628963e-01
9.75804304e-01 -1.04809455e-02 2.18391316e-01 -3.89443654e-01 -2.82347800e-02 9.84445813e-01 1.73402301e-01 -9.07019914e-02 -2.16811932e-01 -1.75373031e-01 9.60331322e-01 -1.91055731e-01
9.74881864e-01 -1.08240719e-02 2.22456256e-01 -3.95989073e-01 -2.87575829e-02 9.84339175e-01 1.73921029e-01 -9.11325102e-02 -2.20855028e-01 -1.75949855e-01 9.59303964e-01 -1.91411023e-01
9.73961188e-01 -1.11295483e-02 2.26438410e-01 -4.02473461e-01 -2.93065624e-02 9.84232967e-01 1.74429505e-01 -9.15510269e-02 -2.24809571e-01 -1.76523785e-01 9.58279395e-01 -1.91764737e-01
9.73026183e-01 -1.14283761e-02 2.30408407e-01 -4.08914600e-01 -2.98675647e-02 9.84124553e-01 1.74945386e-01 -9.19633654e-02 -2.28750003e-01 -1.77108266e-01 9.57238496e-01 -1.92042323e-01
9.72066474e-01 -1.17849808e-02 2.34406477e-01 -4.15449533e-01 -3.03777610e-02 9.84019615e-01 1.75446838e-01 -9.23910542e-02 -2.32728314e-01 -1.77666827e-01 9.56175397e-01 -1.92341679e-01
9.71098046e-01 -1.23226419e-02 2.38359298e-01 -4.21923762e-01 -3.06770762e-02 9.83938525e-01 1.75848778e-01 -9.27977526e-02 -2.36697938e-01 -1.78078671e-01 9.55123733e-01 -1.92634488e-01
9.70100334e-01 -1.28129683e-02 2.42362439e-01 -4.28438287e-01 -3.10527279e-02 9.83844690e-01 1.76307242e-01 -9.32009919e-02 -2.40706142e-01 -1.78561835e-01 9.54031170e-01 -1.92786374e-01
9.69079217e-01 -1.31320473e-02 2.46396827e-01 -4.34927704e-01 -3.16158863e-02 9.83742737e-01 1.76775314e-01 -9.35808595e-02 -2.44712642e-01 -1.79099439e-01 9.52910474e-01 -1.92801753e-01
9.68027506e-01 -1.33767951e-02 2.50483895e-01 -4.41461136e-01 -3.22790641e-02 9.83631053e-01 1.77276376e-01 -9.39445853e-02 -2.48755248e-01 -1.79693896e-01 9.51751145e-01 -1.92702581e-01
9.66969565e-01 -1.35471701e-02 2.54528352e-01 -4.47929420e-01 -3.30097758e-02 9.83520611e-01 1.77753842e-01 -9.42933152e-02 -2.52742074e-01 -1.80284586e-01 9.50588328e-01 -1.92593105e-01
9.65899325e-01 -1.35463446e-02 2.58560184e-01 -4.54432891e-01 -3.39062114e-02 9.83412018e-01 1.78185401e-01 -9.46052109e-02 -2.56685084e-01 -1.80876054e-01 9.49418740e-01 -1.92365294e-01
9.64789088e-01 -1.35288101e-02 2.62673456e-01 -4.61014815e-01 -3.48455796e-02 9.83298388e-01 1.78630607e-01 -9.49026638e-02 -2.60703183e-01 -1.81493967e-01 9.48205208e-01 -1.92055637e-01
9.63658395e-01 -1.33910316e-02 2.66798668e-01 -4.67596291e-01 -3.59242209e-02 9.83173641e-01 1.79102883e-01 -9.52059332e-02 -2.64707944e-01 -1.82178633e-01 9.46963524e-01 -1.91695101e-01
9.62507598e-01 -1.34212649e-02 2.70919356e-01 -4.74140588e-01 -3.68362391e-02 9.83054627e-01 1.79570116e-01 -9.54827364e-02 -2.68738754e-01 -1.82817358e-01 9.45704232e-01 -1.91255419e-01
9.61351856e-01 -1.35405755e-02 2.74986554e-01 -4.80640712e-01 -3.76670138e-02 9.82929121e-01 1.80084093e-01 -9.57613155e-02 -2.72730906e-01 -1.83482199e-01 9.44431779e-01 -1.90758626e-01
9.60171168e-01 -1.34987088e-02 2.79083119e-01 -4.87187089e-01 -3.86595694e-02 9.82806383e-01 1.80542795e-01 -9.60364978e-02 -2.76721953e-01 -1.84141324e-01 9.43141623e-01 -1.90293858e-01
9.58982393e-01 -1.35273756e-02 2.83139688e-01 -4.93709578e-01 -3.95876482e-02 9.82679693e-01 1.81030656e-01 -9.63253424e-02 -2.80684675e-01 -1.84814141e-01 9.41838155e-01 -1.89894416e-01
9.57761830e-01 -1.36543172e-02 2.87235351e-01 -5.00266844e-01 -4.04344493e-02 9.82552543e-01 1.81532967e-01 -9.66334934e-02 -2.84702720e-01 -1.85479644e-01 9.40500369e-01 -1.89532123e-01
9.56509250e-01 -1.37516639e-02 2.91374839e-01 -5.06868765e-01 -4.13210273e-02 9.82426872e-01 1.82012904e-01 -9.69253314e-02 -2.88757635e-01 -1.86137020e-01 9.39133319e-01 -1.89101209e-01
9.55234186e-01 -1.39238055e-02 2.95520007e-01 -5.13557379e-01 -4.21266344e-02 9.82311102e-01 1.82452416e-01 -9.72115670e-02 -2.92833216e-01 -1.86734145e-01 9.37751744e-01 -1.88683230e-01
9.53928137e-01 -1.39861536e-02 2.99706148e-01 -5.20256589e-01 -4.30576840e-02 9.82190705e-01 1.82882585e-01 -9.74890572e-02 -2.96926633e-01 -1.87361593e-01 9.36338314e-01 -1.88215274e-01
9.52607217e-01 -1.39754866e-02 3.03878839e-01 -5.26909892e-01 -4.40882842e-02 9.82053294e-01 1.83374140e-01 -9.77856520e-02 -3.00988181e-01 -1.88081134e-01 9.34896125e-01 -1.87740696e-01
9.51265609e-01 -1.39759262e-02 3.08052798e-01 -5.33549323e-01 -4.51241854e-02 9.81909487e-01 1.83891241e-01 -9.81027239e-02 -3.05050260e-01 -1.88830156e-01 9.33427348e-01 -1.87276991e-01
9.49913350e-01 -1.39614266e-02 3.12198234e-01 -5.40230273e-01 -4.61604489e-02 9.81774254e-01 1.84355401e-01 -9.84022823e-02 -3.09082298e-01 -1.89532985e-01 9.31957331e-01 -1.86844421e-01
9.48555080e-01 -1.40568929e-02 3.16296783e-01 -5.46895133e-01 -4.70957821e-02 9.81634263e-01 1.84863419e-01 -9.87089375e-02 -3.13086629e-01 -1.90249501e-01 9.30473488e-01 -1.86407670e-01
9.47168476e-01 -1.42219793e-02 3.20417791e-01 -5.53596661e-01 -4.79622799e-02 9.81501801e-01 1.85343299e-01 -9.90096877e-02 -3.17126863e-01 -1.90919428e-01 9.28966791e-01 -1.85946945e-01
9.45740277e-01 -1.43775473e-02 3.24602172e-01 -5.60395782e-01 -4.88843773e-02 9.81352256e-01 1.85893384e-01 -9.93388790e-02 -3.21222049e-01 -1.91674963e-01 9.27402870e-01 -1.85345110e-01
9.44272885e-01 -1.45525256e-02 3.28838614e-01 -5.67282351e-01 -4.98031244e-02 9.81203449e-01 1.86434190e-01 -9.96531919e-02 -3.25370964e-01 -1.92422081e-01 9.25800408e-01 -1.84650513e-01
9.42751103e-01 -1.47011421e-02 3.33169855e-01 -5.74262737e-01 -5.07714435e-02 9.81054872e-01 1.86954175e-01 -9.99447074e-02 -3.29606646e-01 -1.93166903e-01 9.24145533e-01 -1.83856932e-01
9.41163956e-01 -1.49492558e-02 3.37616429e-01 -5.81410433e-01 -5.16738199e-02 9.80906786e-01 1.87483164e-01 -1.00245095e-01 -3.33973291e-01 -1.93898460e-01 9.22422993e-01 -1.82995925e-01
9.39501043e-01 -1.51939490e-02 3.42205911e-01 -5.88697547e-01 -5.26051685e-02 9.80764179e-01 1.87969653e-01 -1.00520902e-01 -3.38479609e-01 -1.94599614e-01 9.20631053e-01 -1.81911450e-01
9.37745983e-01 -1.53760767e-02 3.46978417e-01 -5.96080665e-01 -5.36154786e-02 9.80635024e-01 1.88357697e-01 -1.00722232e-01 -3.43155697e-01 -1.95235214e-01 9.18763525e-01 -1.80722369e-01
9.36004772e-01 -1.54940900e-02 3.51643278e-01 -6.03333895e-01 -5.46462263e-02 9.80519790e-01 1.88661160e-01 -1.00849420e-01 -3.47716634e-01 -1.95803846e-01 9.16925881e-01 -1.79363116e-01
9.34234651e-01 -1.57635640e-02 3.56307646e-01 -6.10556557e-01 -5.56042541e-02 9.80368487e-01 1.89166749e-01 -1.01070514e-01 -3.52295058e-01 -1.96538471e-01 9.15019061e-01 -1.77966253e-01
9.32390158e-01 -1.58217487e-02 3.61104125e-01 -6.17961864e-01 -5.67538045e-02 9.80240030e-01 1.89490597e-01 -1.01167491e-01 -3.56967138e-01 -1.97173331e-01 9.13069610e-01 -1.76455387e-01
9.30508384e-01 -1.60373528e-02 3.65916500e-01 -6.25385298e-01 -5.77526493e-02 9.80118143e-01 1.89818876e-01 -1.01259029e-01 -3.61685965e-01 -1.97760831e-01 9.11083346e-01 -1.74857436e-01
9.28554003e-01 -1.60712103e-02 3.70846458e-01 -6.32924326e-01 -5.89566600e-02 9.79993907e-01 1.90089905e-01 -1.01296682e-01 -3.66482622e-01 -1.98372737e-01 9.09031190e-01 -1.73078807e-01
9.26560412e-01 -1.60712966e-02 3.75799746e-01 -6.40512602e-01 -6.02235547e-02 9.79858675e-01 1.90389675e-01 -1.01372696e-01 -3.71290851e-01 -1.99039664e-01 9.06931765e-01 -1.71424006e-01
9.24585139e-01 -1.59874559e-02 3.80637165e-01 -6.48011313e-01 -6.15518361e-02 9.79723083e-01 1.90662470e-01 -1.01424969e-01 -3.75967635e-01 -1.99712737e-01 9.04854717e-01 -1.69714744e-01
9.22553265e-01 -1.59928744e-02 3.85535587e-01 -6.55554890e-01 -6.28227356e-02 9.79583586e-01 1.90964749e-01 -1.01497033e-01 -3.80718802e-01 -2.00395688e-01 9.02714642e-01 -1.67982408e-01
9.20483959e-01 -1.61153853e-02 3.90445303e-01 -6.63135938e-01 -6.39832784e-02 9.79449249e-01 1.91268320e-01 -1.01572486e-01 -3.85504105e-01 -2.01041529e-01 9.00537546e-01 -1.66232691e-01
9.18444907e-01 -1.62782227e-02 3.95211202e-01 -6.70624360e-01 -6.50319069e-02 9.79341187e-01 1.91467719e-01 -1.01611501e-01 -3.90163775e-01 -2.01554034e-01 8.98413662e-01 -1.64475778e-01
9.16316586e-01 -1.64267015e-02 4.00115042e-01 -6.78208787e-01 -6.61413738e-02 9.79226405e-01 1.91674701e-01 -1.01642448e-01 -3.94952204e-01 -2.02099002e-01 8.96196256e-01 -1.62630799e-01
9.14122799e-01 -1.64713653e-02 4.05100226e-01 -6.85881738e-01 -6.73420367e-02 9.79125714e-01 1.91770975e-01 -1.01628441e-01 -3.99803186e-01 -2.02582623e-01 8.93933287e-01 -1.60721512e-01
9.11901083e-01 -1.65342841e-02 4.10074394e-01 -6.93567481e-01 -6.85538944e-02 9.79012279e-01 1.91920479e-01 -1.01627155e-01 -4.04641568e-01 -2.03124815e-01 8.91630255e-01 -1.58828863e-01
9.09654196e-01 -1.64880194e-02 4.15036620e-01 -7.01286653e-01 -6.99040254e-02 9.78881708e-01 1.92099549e-01 -1.01617589e-01 -4.09439523e-01 -2.03757017e-01 8.89292637e-01 -1.56747000e-01
9.07385856e-01 -1.64739448e-02 4.19973295e-01 -7.08948240e-01 -7.12666456e-02 9.78730504e-01 1.92369223e-01 -1.01628492e-01 -4.14210176e-01 -2.04483322e-01 8.86913521e-01 -1.54606102e-01
9.05114666e-01 -1.66606821e-02 4.24838664e-01 -7.16584352e-01 -7.24522753e-02 9.78571449e-01 1.92735106e-01 -1.01730822e-01 -4.18946512e-01 -2.05228022e-01 8.84513631e-01 -1.52560961e-01
9.02760547e-01 -1.67653458e-02 4.29814432e-01 -7.24323654e-01 -7.37801467e-02 9.78394912e-01 1.93127474e-01 -1.01851479e-01 -4.23766513e-01 -2.06059750e-01 8.82020698e-01 -1.50485978e-01
9.00366494e-01 -1.69206417e-02 4.34801094e-01 -7.32236073e-01 -7.51246140e-02 9.78192876e-01 1.93631919e-01 -1.02043865e-01 -4.28596146e-01 -2.07004078e-01 8.79462215e-01 -1.48517487e-01
8.97891546e-01 -1.69030908e-02 4.39889922e-01 -7.40275348e-01 -7.66983117e-02 9.77971257e-01 1.94133882e-01 -1.02173767e-01 -4.33481588e-01 -2.08050119e-01 8.76816961e-01 -1.46393198e-01
8.95445731e-01 -1.70539556e-02 4.44841822e-01 -7.48302561e-01 -7.80905299e-02 9.77753106e-01 1.94676890e-01 -1.02333542e-01 -4.38265931e-01 -2.09060648e-01 8.74194351e-01 -1.44189308e-01
8.92959517e-01 -1.74004130e-02 4.49798424e-01 -7.56536115e-01 -7.92582889e-02 9.77562040e-01 1.95164008e-01 -1.02532147e-01 -4.43102228e-01 -2.09923948e-01 8.71545462e-01 -1.42119029e-01
8.90420851e-01 -1.76292858e-02 4.54794442e-01 -7.64703326e-01 -8.05351928e-02 9.77377992e-01 1.95562478e-01 -1.02626827e-01 -4.47954157e-01 -2.10760002e-01 8.68859255e-01 -1.39845697e-01
8.87822321e-01 -1.78354707e-02 4.59838582e-01 -7.72969257e-01 -8.19286613e-02 9.77157999e-01 1.96082278e-01 -1.02770465e-01 -4.52832653e-01 -2.11760318e-01 8.66082700e-01 -1.37484378e-01
8.85137168e-01 -1.80681674e-02 4.64977231e-01 -7.81297583e-01 -8.32860340e-02 9.76957807e-01 1.96507330e-01 -1.02821954e-01 -4.57814167e-01 -2.12662180e-01 8.63238134e-01 -1.34928882e-01
8.82391438e-01 -1.83617767e-02 4.70155603e-01 -7.89703176e-01 -8.45676131e-02 9.76775690e-01 1.96864838e-01 -1.02805852e-01 -4.62851882e-01 -2.13471909e-01 8.60346998e-01 -1.32236538e-01
8.79661567e-01 -1.86886405e-02 4.75230830e-01 -7.97971821e-01 -8.58070331e-02 9.76592831e-01 1.97235474e-01 -1.02820811e-01 -4.67793597e-01 -2.14278743e-01 8.57468873e-01 -1.29606922e-01
8.76893760e-01 -1.89259072e-02 4.80309451e-01 -8.06359745e-01 -8.71360815e-02 9.76410096e-01 1.97557163e-01 -1.02818952e-01 -4.72718464e-01 -2.15089064e-01 8.54560128e-01 -1.26890773e-01
8.74040427e-01 -1.93274896e-02 4.85466585e-01 -8.14717552e-01 -8.83204486e-02 9.76238370e-01 1.97879566e-01 -1.02821032e-01 -4.77756161e-01 -2.15831504e-01 8.51566123e-01 -1.24227204e-01
8.71211921e-01 -1.95982817e-02 4.90513668e-01 -8.23054419e-01 -8.96002431e-02 9.76068992e-01 1.98139455e-01 -1.02800737e-01 -4.82658938e-01 -2.16571746e-01 8.48608276e-01 -1.21525129e-01
8.68311530e-01 -1.99256925e-02 4.95616789e-01 -8.31335653e-01 -9.09378897e-02 9.75860822e-01 1.98554938e-01 -1.02833206e-01 -4.87609918e-01 -2.17478034e-01 8.45540571e-01 -1.18736856e-01
8.65393153e-01 -2.01605805e-02 5.00685739e-01 -8.39639578e-01 -9.22971936e-02 9.75680305e-01 1.98814708e-01 -1.02779701e-01 -4.92517985e-01 -2.18264916e-01 8.42487689e-01 -1.15912165e-01
8.62421811e-01 -2.04277290e-02 5.05775918e-01 -8.47894046e-01 -9.35866458e-02 9.75523869e-01 1.98979317e-01 -1.02665386e-01 -4.97461764e-01 -2.18938114e-01 8.39402705e-01 -1.12960914e-01
8.59390247e-01 -2.06350352e-02 5.10901641e-01 -8.56174900e-01 -9.49890507e-02 9.75348254e-01 1.99175438e-01 -1.02508174e-01 -5.02417616e-01 -2.19699637e-01 8.36246117e-01 -1.09907701e-01
8.56307275e-01 -2.07918279e-02 5.16046052e-01 -8.64441814e-01 -9.64575600e-02 9.75168826e-01 1.99348292e-01 -1.02318353e-01 -5.07377444e-01 -2.20480070e-01 8.33040033e-01 -1.06730900e-01
8.53138549e-01 -2.08883087e-02 5.21264100e-01 -8.72785118e-01 -9.80738849e-02 9.74959370e-01 1.99583885e-01 -1.02129834e-01 -5.12380910e-01 -2.21395232e-01 8.29728261e-01 -1.03429812e-01
8.49886883e-01 -2.09618756e-02 5.26546178e-01 -8.81250104e-01 -9.97489602e-02 9.74743630e-01 1.99807416e-01 -1.01912700e-01 -5.17436514e-01 -2.22336268e-01 8.26332297e-01 -9.99674323e-02
8.46615632e-01 -2.11144665e-02 5.31783998e-01 -8.89653618e-01 -1.01257772e-01 9.74568981e-01 1.99900640e-01 -1.01618280e-01 -5.22481606e-01 -2.23086395e-01 8.22948689e-01 -9.64724933e-02
8.43257496e-01 -2.11182682e-02 5.37092988e-01 -8.98205877e-01 -1.02914040e-01 9.74397218e-01 1.99892150e-01 -1.01222480e-01 -5.27563891e-01 -2.23835087e-01 8.19495785e-01 -9.27384274e-02
8.39720583e-01 -2.10851459e-02 5.42607410e-01 -9.07033374e-01 -1.04763412e-01 9.74181276e-01 1.99983985e-01 -1.00810763e-01 -5.32815300e-01 -2.24776209e-01 8.15832460e-01 -8.87208854e-02
8.36185299e-01 -2.09798865e-02 5.48043821e-01 -9.15872240e-01 -1.06654591e-01 9.73969753e-01 2.00014710e-01 -1.00318499e-01 -5.37975002e-01 -2.25700891e-01 8.12182934e-01 -8.45410580e-02
8.32516176e-01 -2.10281325e-02 5.53599724e-01 -9.24991496e-01 -1.08444448e-01 9.73760919e-01 2.00069057e-01 -9.98490307e-02 -5.43281493e-01 -2.26595691e-01 8.08392657e-01 -8.03584724e-02
8.28822289e-01 -2.09932493e-02 5.59116189e-01 -9.34149770e-01 -1.10330492e-01 9.73541549e-01 2.00105472e-01 -9.93309167e-02 -5.48524363e-01 -2.27539593e-01 8.04578032e-01 -7.59657695e-02
8.25143782e-01 -2.10602777e-02 5.64528298e-01 -9.43361318e-01 -1.11982949e-01 9.73375974e-01 1.99992873e-01 -9.87400470e-02 -5.53710879e-01 -2.28240576e-01 8.00818031e-01 -7.15665983e-02
8.21299759e-01 -2.09657778e-02 5.70109721e-01 -9.52594835e-01 -1.13885215e-01 9.73184205e-01 1.99851856e-01 -9.80919896e-02 -5.59012556e-01 -2.29065520e-01 7.96889509e-01 -6.69004073e-02
8.17440173e-01 -2.09535916e-02 5.75630520e-01 -9.61754871e-01 -1.15771844e-01 9.72967698e-01 1.99822173e-01 -9.75099028e-02 -5.64257628e-01 -2.29984652e-01 7.92918248e-01 -6.22161397e-02
8.13579916e-01 -2.06311844e-02 5.81085278e-01 -9.70873630e-01 -1.18098833e-01 9.72675064e-01 1.99885094e-01 -9.68981723e-02 -5.69331793e-01 -2.31248160e-01 7.88913536e-01 -5.72774668e-02
8.09773952e-01 -2.04628813e-02 5.86383422e-01 -9.79854497e-01 -1.20195848e-01 9.72411008e-01 1.99920046e-01 -9.62310755e-02 -5.74297401e-01 -2.32371062e-01 7.84974659e-01 -5.22818693e-02
8.05852880e-01 -2.03346601e-02 5.91764940e-01 -9.88931844e-01 -1.22394450e-01 9.72104170e-01 2.00078295e-01 -9.55478807e-02 -5.79326487e-01 -2.33662583e-01 7.80885157e-01 -4.70167394e-02
8.01849349e-01 -2.01910745e-02 5.97183497e-01 -9.97979574e-01 -1.24535370e-01 9.71833106e-01 2.00074091e-01 -9.48021958e-02 -5.84403216e-01 -2.34799906e-01 7.76750252e-01 -4.17160379e-02
7.97920629e-01 -2.00612689e-02 6.02427133e-01 -1.00690542e+00 -1.26601783e-01 9.71573244e-01 2.00039393e-01 -9.39752647e-02 -5.89315916e-01 -2.35884061e-01 7.72699549e-01 -3.62316126e-02
7.93735824e-01 -1.99493539e-02 6.07934037e-01 -1.01620552e+00 -1.28619658e-01 9.71356561e-01 1.99804496e-01 -9.30318916e-02 -5.94507463e-01 -2.36784397e-01 7.68435580e-01 -3.04572748e-02
7.89416099e-01 -1.97044448e-02 6.13540836e-01 -1.02562310e+00 -1.30829618e-01 9.71119684e-01 1.99521142e-01 -9.20741427e-02 -5.99753792e-01 -2.37774653e-01 7.64040503e-01 -2.46189407e-02
7.84975491e-01 -1.88836237e-02 6.19237707e-01 -1.03514409e+00 -1.33878997e-01 9.70746493e-01 1.99314297e-01 -9.11829691e-02 -6.04887375e-01 -2.39359892e-01 7.59484981e-01 -1.88279328e-02
7.80538353e-01 -1.79516839e-02 6.24848817e-01 -1.04452365e+00 -1.36833007e-01 9.70438573e-01 1.98807126e-01 -9.01748508e-02 -6.09947084e-01 -2.40676673e-01 7.55009007e-01 -1.30240759e-02
7.75968076e-01 -1.71777194e-02 6.30536962e-01 -1.05401708e+00 -1.39593890e-01 9.70165242e-01 1.98220922e-01 -8.91005073e-02 -6.15130773e-01 -2.41832369e-01 7.50420232e-01 -7.11798222e-03
7.71281519e-01 -1.65518192e-02 6.36277598e-01 -1.06343186e+00 -1.42274381e-01 9.69883729e-01 1.97691896e-01 -8.79544025e-02 -6.20388231e-01 -2.43002273e-01 7.45699373e-01 -9.71831220e-04
7.66502245e-01 -1.61315355e-02 6.42037667e-01 -1.07285974e+00 -1.44707713e-01 9.69639415e-01 1.97123232e-01 -8.66950353e-02 -6.25725738e-01 -2.44003375e-01 7.40897310e-01 5.52402660e-03
7.61629943e-01 -1.58088360e-02 6.47818052e-01 -1.08217555e+00 -1.47093490e-01 9.69388294e-01 1.96591760e-01 -8.54234103e-02 -6.31095934e-01 -2.45020153e-01 7.35990659e-01 1.20620582e-02
7.56723104e-01 -1.54763205e-02 6.53551030e-01 -1.09137663e+00 -1.49569402e-01 9.69103020e-01 1.96129677e-01 -8.41730658e-02 -6.36394452e-01 -2.46167265e-01 7.31028719e-01 1.85699668e-02
7.51722153e-01 -1.49360110e-02 6.59309499e-01 -1.10075458e+00 -1.52254931e-01 9.68803333e-01 1.95543123e-01 -8.28818211e-02 -6.41662681e-01 -2.47377406e-01 7.25997663e-01 2.51156868e-02
7.46570977e-01 -1.46015922e-02 6.65144244e-01 -1.11029348e+00 -1.54699489e-01 9.68545720e-01 1.94899728e-01 -8.15705141e-02 -6.47069250e-01 -2.48404152e-01 7.20830042e-01 3.16702358e-02
7.41139468e-01 -1.38717100e-02 6.71206499e-01 -1.12004549e+00 -1.57827280e-01 9.68165485e-01 1.94280175e-01 -8.02597598e-02 -6.52534751e-01 -2.49923598e-01 7.15357105e-01 3.84079423e-02
7.35657162e-01 -1.31765016e-02 6.77224630e-01 -1.12986456e+00 -1.60706224e-01 9.67867337e-01 1.93403739e-01 -7.88675061e-02 -6.58012746e-01 -2.51113266e-01 7.09901779e-01 4.50426113e-02
7.30179258e-01 -1.21602779e-02 6.83146129e-01 -1.13966929e+00 -1.63924226e-01 9.67521253e-01 1.92432292e-01 -7.74394382e-02 -6.63299200e-01 -2.52494489e-01 7.04471335e-01 5.16147771e-02
7.24587756e-01 -1.15464368e-02 6.89084577e-01 -1.14926862e+00 -1.66719839e-01 9.67225255e-01 1.91516597e-01 -7.60117825e-02 -6.68712092e-01 -2.53654876e-01 6.98915257e-01 5.81902427e-02
7.19103392e-01 -1.08757716e-02 6.94816784e-01 -1.15852175e+00 -1.69559954e-01 9.66908350e-01 1.90621454e-01 -7.45571064e-02 -6.73898043e-01 -2.54889860e-01 6.93463645e-01 6.47746978e-02
7.13496236e-01 -1.01198853e-02 7.00584788e-01 -1.16790171e+00 -1.72361928e-01 9.66633113e-01 1.89501365e-01 -7.29415630e-02 -6.79126895e-01 -2.55962895e-01 6.87945422e-01 7.16534859e-02
7.07610386e-01 -8.96376781e-03 7.06544828e-01 -1.17730789e+00 -1.75748668e-01 9.66263376e-01 1.88272448e-01 -7.11889745e-02 -6.84396692e-01 -2.57398081e-01 6.82163254e-01 7.89519102e-02
7.01405165e-01 -8.00895506e-03 7.12716677e-01 -1.18705571e+00 -1.79307827e-01 9.65795453e-01 1.87314860e-01 -6.94302968e-02 -6.89839416e-01 -2.59179517e-01 6.75978457e-01 8.68403556e-02
6.95207452e-01 -7.05577282e-03 7.18773410e-01 -1.19641552e+00 -1.82826741e-01 9.65330243e-01 1.86308572e-01 -6.76248924e-02 -6.95168949e-01 -2.60934336e-01 6.69815426e-01 9.47758255e-02
6.88804598e-01 -6.00345686e-03 7.24921123e-01 -1.20602885e+00 -1.86438823e-01 9.64863980e-01 1.85140717e-01 -6.57497741e-02 -7.00562459e-01 -2.62679440e-01 6.63484066e-01 1.02785558e-01
6.82220715e-01 -5.08225810e-03 7.31127568e-01 -1.21557285e+00 -1.89893220e-01 9.64428508e-01 1.83894772e-01 -6.38135911e-02 -7.06055561e-01 -2.64293220e-01 6.56988585e-01 1.10908676e-01
6.75692576e-01 -4.00284421e-03 7.37171600e-01 -1.22501458e+00 -1.93525478e-01 9.63948615e-01 1.82619957e-01 -6.18560610e-02 -7.11327209e-01 -2.66056673e-01 6.50558837e-01 1.18996604e-01
6.68995233e-01 -2.88072442e-03 7.43260023e-01 -1.23467971e+00 -1.97206660e-01 9.63463498e-01 1.81236398e-01 -5.98244735e-02 -7.16626697e-01 -2.67822357e-01 6.43984977e-01 1.27194138e-01
6.62210062e-01 -1.63566642e-03 7.49315336e-01 -1.24442743e+00 -2.01180072e-01 9.62893139e-01 1.79895454e-01 -5.77968978e-02 -7.21805553e-01 -2.69876156e-01 6.37309051e-01 1.35452448e-01
6.55436199e-01 -3.64168048e-04 7.55249368e-01 -1.25402021e+00 -2.05174479e-01 9.62305580e-01 1.78522771e-01 -5.57548809e-02 -7.26846397e-01 -2.71968435e-01 6.30655797e-01 1.43676283e-01
6.48511362e-01 7.78749550e-04 7.61203534e-01 -1.26372278e+00 -2.08819891e-01 9.61817102e-01 1.76921211e-01 -5.35767876e-02 -7.32001487e-01 -2.73690096e-01 6.23912539e-01 1.52035690e-01
6.41370164e-01 2.02019828e-03 7.67227926e-01 -1.27334132e+00 -2.12640675e-01 9.61289929e-01 1.75227441e-01 -5.12977850e-02 -7.37175148e-01 -2.75529754e-01 6.16972849e-01 1.60669404e-01
6.33738955e-01 3.42819552e-03 7.73538345e-01 -1.28327318e+00 -2.16856121e-01 9.60678162e-01 1.73406769e-01 -4.89203996e-02 -7.42527578e-01 -2.77641408e-01 6.09563210e-01 1.69650778e-01
6.26205933e-01 4.91135739e-03 7.79641221e-01 -1.29304066e+00 -2.21073916e-01 9.60055681e-01 1.71518171e-01 -4.65142899e-02 -7.47657212e-01 -2.79764294e-01 6.02278942e-01 1.78519931e-01
6.18463561e-01 6.27644202e-03 7.85787375e-01 -1.30259648e+00 -2.25453054e-01 9.59345479e-01 1.69782875e-01 -4.41330488e-02 -7.52776553e-01 -2.82162961e-01 5.94735872e-01 1.87580184e-01
6.10149646e-01 7.32946065e-03 7.92251281e-01 -1.31251750e+00 -2.29382424e-01 9.58764782e-01 1.67788189e-01 -4.15433281e-02 -7.58353405e-01 -2.84104699e-01 5.86671865e-01 1.97028981e-01
6.01643457e-01 8.23660826e-03 7.98721331e-01 -1.32261381e+00 -2.32994812e-01 9.58270028e-01 1.65623395e-01 -3.89064014e-02 -7.64027104e-01 -2.85744428e-01 5.78456574e-01 2.06394367e-01
5.92727608e-01 9.15168222e-03 8.05350000e-01 -1.33303790e+00 -2.36743490e-01 9.57740144e-01 1.63356919e-01 -3.60923042e-02 -7.69821613e-01 -2.87487815e-01 5.69846202e-01 2.16315201e-01
5.83486901e-01 1.03038417e-02 8.12056166e-01 -1.34356222e+00 -2.40654034e-01 9.57202818e-01 1.60771678e-01 -3.30808344e-02 -7.75646484e-01 -2.89233061e-01 5.60995533e-01 2.26513256e-01
5.74299246e-01 1.16240941e-02 8.18561900e-01 -1.35392983e+00 -2.44763162e-01 9.56599028e-01 1.58140424e-01 -3.01035078e-02 -7.81197891e-01 -2.91174029e-01 5.52219823e-01 2.36485181e-01
5.65059388e-01 1.28050419e-02 8.24949815e-01 -1.36413088e+00 -2.48953424e-01 9.55920095e-01 1.55685716e-01 -2.71721654e-02 -7.86593152e-01 -2.93346076e-01 5.43340064e-01 2.46513945e-01
5.55743434e-01 1.43904128e-02 8.31228236e-01 -1.37410487e+00 -2.53920981e-01 9.55009243e-01 1.53233454e-01 -2.43177191e-02 -7.91626189e-01 -2.96225102e-01 5.34394743e-01 2.56403785e-01
5.46323184e-01 1.52777776e-02 8.37434043e-01 -1.38383621e+00 -2.58109882e-01 9.54245540e-01 1.50976303e-01 -2.15829251e-02 -7.96811715e-01 -2.98632208e-01 5.25270369e-01 2.65917395e-01
5.36695957e-01 1.60903919e-02 8.43621204e-01 -1.39349957e+00 -2.62217455e-01 9.53493425e-01 1.48631883e-01 -1.87524252e-02 -8.01996288e-01 -3.00982705e-01 5.15955806e-01 2.75710302e-01
5.27090161e-01 1.69571505e-02 8.49639113e-01 -1.40303396e+00 -2.66227453e-01 9.52766498e-01 1.46144049e-01 -1.57749912e-02 -8.07030091e-01 -3.03228709e-01 5.06708844e-01 2.85663537e-01
5.17404244e-01 1.79047708e-02 8.55552773e-01 -1.41231214e+00 -2.70294777e-01 9.52016925e-01 1.43540008e-01 -1.26380382e-02 -8.11931240e-01 -3.05520007e-01 4.97417670e-01 2.95858202e-01
5.07429923e-01 1.87216552e-02 8.61488659e-01 -1.42136189e+00 -2.73854547e-01 9.51434010e-01 1.40628214e-01 -9.28352446e-03 -8.17017346e-01 -3.07281900e-01 4.87913594e-01 3.06325676e-01
4.96819987e-01 1.97181905e-02 8.67628645e-01 -1.43048638e+00 -2.77589170e-01 9.50831335e-01 1.37343572e-01 -5.69505224e-03 -8.22260879e-01 -3.09079680e-01 4.77866082e-01 3.17150542e-01
4.86090969e-01 2.06619517e-02 8.73662986e-01 -1.43932968e+00 -2.81203519e-01 9.50248473e-01 1.33983643e-01 -1.92352526e-03 -8.27429107e-01 -3.10805679e-01 4.67717938e-01 3.28434573e-01
4.75554726e-01 2.16544955e-02 8.79418616e-01 -1.44806844e+00 -2.84667438e-01 9.49694602e-01 1.30551971e-01 1.94536259e-03 -8.32352636e-01 -3.12426801e-01 4.57796595e-01 3.39740987e-01
4.64621993e-01 2.25890755e-02 8.85220027e-01 -1.45680006e+00 -2.87969848e-01 9.49190593e-01 1.26924189e-01 5.94121012e-03 -8.37375997e-01 -3.13888779e-01 4.47520317e-01 3.51246127e-01
4.52827607e-01 2.33743656e-02 8.91290712e-01 -1.46569612e+00 -2.91234948e-01 9.48699937e-01 1.23084437e-01 1.01014303e-02 -8.42691003e-01 -3.15311374e-01 4.36405476e-01 3.63373359e-01
4.40988570e-01 2.39715636e-02 8.97191614e-01 -1.47467156e+00 -2.94386617e-01 9.48202573e-01 1.19362782e-01 1.42406772e-02 -8.47858691e-01 -3.16759154e-01 4.25203942e-01 3.75574725e-01
4.28651155e-01 2.44000232e-02 9.03139630e-01 -1.48382845e+00 -2.97461800e-01 9.47711590e-01 1.15578163e-01 1.84392122e-02 -8.53096360e-01 -3.18192586e-01 4.13496281e-01 3.88062610e-01
4.16157467e-01 2.48814373e-02 9.08951182e-01 -1.49309067e+00 -3.00414195e-01 9.47255488e-01 1.11612804e-01 2.27746350e-02 -8.58232511e-01 -3.19510664e-01 4.01682715e-01 4.00756322e-01
4.03680894e-01 2.52720983e-02 9.14549836e-01 -1.50238077e+00 -3.03064491e-01 9.46874682e-01 1.07606925e-01 2.70813627e-02 -8.63245254e-01 -3.20606768e-01 3.89894841e-01 4.13361090e-01
3.91173705e-01 2.56302931e-02 9.19959045e-01 -1.51164594e+00 -3.05986617e-01 9.46366142e-01 1.03741942e-01 3.14015735e-02 -8.67959754e-01 -3.22076590e-01 3.78036600e-01 4.26227606e-01
3.78394406e-01 2.59135504e-02 9.25280798e-01 -1.52072321e+00 -3.08847806e-01 9.45859046e-01 9.98137832e-02 3.58589026e-02 -8.72599282e-01 -3.23540250e-01 3.65911624e-01 4.39535830e-01
3.65384080e-01 2.61389981e-02 9.30488895e-01 -1.52970763e+00 -3.11632735e-01 9.45358974e-01 9.58151822e-02 4.05224909e-02 -8.77142127e-01 -3.24980481e-01 3.53565381e-01 4.53349956e-01
3.52569950e-01 2.63401682e-02 9.35413777e-01 -1.53833035e+00 -3.13999839e-01 9.44979734e-01 9.17412569e-02 4.53302196e-02 -8.81531246e-01 -3.26065328e-01 3.41442751e-01 4.67310460e-01
3.39042251e-01 2.66338265e-02 9.40393169e-01 -1.54681121e+00 -3.16772872e-01 9.44460261e-01 8.74579444e-02 5.03378989e-02 -8.85835264e-01 -3.27543338e-01 3.28649270e-01 4.81833088e-01
3.25581586e-01 2.67198952e-02 9.45135482e-01 -1.55493173e+00 -3.19426749e-01 9.43937743e-01 8.33505946e-02 5.54061427e-02 -8.89922531e-01 -3.29039317e-01 3.15864230e-01 4.96638162e-01
3.11979495e-01 2.68702546e-02 9.49707942e-01 -1.56281521e+00 -3.22356904e-01 9.43298373e-01 7.92055378e-02 6.04941471e-02 -8.93730272e-01 -3.30855770e-01 3.02951966e-01 5.11528735e-01
2.98192430e-01 2.69427094e-02 9.54124580e-01 -1.57062052e+00 -3.25166364e-01 9.42677248e-01 7.50047985e-02 6.56902289e-02 -8.97411304e-01 -3.32615450e-01 2.89860482e-01 5.26636371e-01
2.84552593e-01 2.70286273e-02 9.58278443e-01 -1.57824306e+00 -3.27695216e-01 9.42131576e-01 7.07331473e-02 7.09515859e-02 -9.00913201e-01 -3.34150934e-01 2.76943528e-01 5.41683942e-01
2.70556967e-01 2.70828028e-02 9.62322032e-01 -1.58549818e+00 -3.30512898e-01 9.41460475e-01 6.64280996e-02 7.62583169e-02 -9.04189756e-01 -3.36032819e-01 2.63670269e-01 5.56963655e-01
2.57029640e-01 2.70936702e-02 9.66022739e-01 -1.59220877e+00 -3.33368664e-01 9.40734538e-01 6.23150223e-02 8.13317783e-02 -9.07083233e-01 -3.38058926e-01 2.50829202e-01 5.71613716e-01
2.43389604e-01 2.70882319e-02 9.69549378e-01 -1.59875666e+00 -3.35808252e-01 9.40140600e-01 5.80326785e-02 8.65400134e-02 -9.09941318e-01 -3.39707645e-01 2.37917256e-01 5.86394226e-01
2.29753627e-01 2.71039674e-02 9.72870447e-01 -1.60483419e+00 -3.38124857e-01 9.39568926e-01 5.36756181e-02 9.19140483e-02 -9.12624634e-01 -3.41284254e-01 2.25034251e-01 6.01479240e-01
2.16310360e-01 2.71705888e-02 9.75945596e-01 -1.61050595e+00 -3.40462052e-01 9.38963467e-01 4.93196942e-02 9.73429656e-02 -9.15037823e-01 -3.42941226e-01 2.12358434e-01 6.16619044e-01
2.02507884e-01 2.73806375e-02 9.78896840e-01 -1.61613312e+00 -3.42754598e-01 9.38362367e-01 4.46600778e-02 1.03058892e-01 -9.17337769e-01 -3.44565847e-01 1.99410971e-01 6.32269782e-01
1.89582085e-01 2.74609114e-02 9.81479816e-01 -1.62128864e+00 -3.44590108e-01 9.37886543e-01 4.03196763e-02 1.08647543e-01 -9.19410170e-01 -3.45852572e-01 1.87269580e-01 6.47484529e-01
1.77298858e-01 2.75335896e-02 9.83770843e-01 -1.62612749e+00 -3.46288094e-01 9.37430114e-01 3.61727773e-02 1.14135988e-01 -9.21221150e-01 -3.47081977e-01 1.75740174e-01 6.62355046e-01
1.65015617e-01 2.76082496e-02 9.85903476e-01 -1.63050874e+00 -3.48332219e-01 9.36821952e-01 3.20683468e-02 1.19775303e-01 -9.22731420e-01 -3.48714170e-01 1.64207419e-01 6.77659150e-01
1.52737067e-01 2.75716127e-02 9.87881175e-01 -1.63443907e+00 -3.49796428e-01 9.36408245e-01 2.79473344e-02 1.25519731e-01 -9.24290327e-01 -3.49826334e-01 1.52669022e-01 6.93077905e-01
1.40437709e-01 2.75265603e-02 9.89705816e-01 -1.63795991e+00 -3.51359734e-01 9.35936812e-01 2.38263611e-02 1.31325036e-01 -9.25646998e-01 -3.51089333e-01 1.41112854e-01 7.08659816e-01
1.28399267e-01 2.74814583e-02 9.91340765e-01 -1.64114231e+00 -3.52936517e-01 9.35437713e-01 1.97809407e-02 1.37170185e-01 -9.26794623e-01 -3.52420662e-01 1.29809017e-01 7.24276127e-01
1.16104247e-01 2.74607747e-02 9.92856368e-01 -1.64415142e+00 -3.54482169e-01 9.34932281e-01 1.55943752e-02 1.43108661e-01 -9.27825968e-01 -3.53760907e-01 1.18284244e-01 7.40061047e-01
1.04098616e-01 2.74307014e-02 9.94187636e-01 -1.64684405e+00 -3.55956092e-01 9.34431619e-01 1.14892536e-02 1.48996199e-01 -9.28685972e-01 -3.55083617e-01 1.07037429e-01 7.55725048e-01
9.18681123e-02 2.74309227e-02 9.95392258e-01 -1.64966685e+00 -3.57304676e-01 9.33959411e-01 7.23894524e-03 1.55147293e-01 -9.29458181e-01 -3.56323813e-01 9.56025356e-02 7.71967629e-01
7.90469374e-02 2.73166060e-02 9.96495482e-01 -1.65289805e+00 -3.58597348e-01 9.33487551e-01 2.85637231e-03 1.61506835e-01 -9.30138937e-01 -3.57566916e-01 8.35852298e-02 7.88809313e-01
6.63692916e-02 2.72425179e-02 9.97422081e-01 -1.65636274e+00 -3.59480477e-01 9.33150842e-01 -1.56690214e-03 1.67808678e-01 -9.30788799e-01 -3.58450262e-01 7.17259420e-02 8.05377579e-01
5.40868226e-02 2.73010716e-02 9.98161887e-01 -1.66005012e+00 -3.60325431e-01 9.32807015e-01 -5.98873106e-03 1.74124900e-01 -9.31256769e-01 -3.59339678e-01 6.02900531e-02 8.21762163e-01
4.24709553e-02 2.74008712e-02 9.98720843e-01 -1.66380423e+00 -3.61211114e-01 9.32427603e-01 -1.02213732e-02 1.80265967e-01 -9.31515820e-01 -3.60315424e-01 4.94987966e-02 8.37601027e-01
3.10723388e-02 2.73642529e-02 9.99141432e-01 -1.66760494e+00 -3.61978773e-01 9.32076664e-01 -1.42702569e-02 1.86362238e-01 -9.31667779e-01 -3.61225052e-01 3.88672769e-02 8.53391039e-01
2.01198147e-02 2.73219438e-02 9.99423135e-01 -1.67109773e+00 -3.62500940e-01 9.31805732e-01 -1.81757275e-02 1.92383805e-01 -9.31765678e-01 -3.61926605e-01 2.86521741e-02 8.68977875e-01
9.31073083e-03 2.73446986e-02 9.99581650e-01 -1.67425901e+00 -3.62853461e-01 9.31583568e-01 -2.21046392e-02 1.98486396e-01 -9.31799163e-01 -3.62496323e-01 1.85960185e-02 8.84634013e-01
-1.21547771e-03 2.73711474e-02 9.99623545e-01 -1.67721369e+00 -3.63199528e-01 9.31349658e-01 -2.59432878e-02 2.04529996e-01 -9.31710024e-01 -3.63094809e-01 8.80932108e-03 9.00120974e-01
-1.17023648e-02 2.73969257e-02 9.99555094e-01 -1.68000938e+00 -3.63596561e-01 9.31080055e-01 -2.97768697e-02 2.10555688e-01 -9.31482488e-01 -3.63783717e-01 -9.34251643e-04 9.15569721e-01
-2.22138495e-02 2.75149073e-02 9.99373521e-01 -1.68296944e+00 -3.64283518e-01 9.30676961e-01 -3.37207076e-02 2.16676008e-01 -9.31022634e-01 -3.64804812e-01 -1.06505414e-02 9.31132414e-01
-3.31284948e-02 2.77374146e-02 9.99065110e-01 -1.68554350e+00 -3.64689704e-01 9.30356060e-01 -3.79227004e-02 2.23065606e-01 -9.30539115e-01 -3.65605505e-01 -2.07056070e-02 9.47246084e-01
-4.37093741e-02 2.79687240e-02 9.98651746e-01 -1.68793084e+00 -3.64785860e-01 9.30142537e-01 -4.20160645e-02 2.29466987e-01 -9.30064512e-01 -3.66130935e-01 -3.04532226e-02 9.63280626e-01
-5.44106722e-02 2.81484390e-02 9.98120816e-01 -1.68981006e+00 -3.64805308e-01 9.29940793e-01 -4.61122924e-02 2.35882380e-01 -9.29492201e-01 -3.66629178e-01 -4.03298838e-02 9.79429273e-01
-6.54532435e-02 2.83441516e-02 9.97451980e-01 -1.69145892e+00 -3.64883093e-01 9.29689785e-01 -5.03623263e-02 2.42501310e-01 -9.28749395e-01 -3.67250146e-01 -5.05087989e-02 9.96057181e-01
-7.62416655e-02 2.85931059e-02 9.96678326e-01 -1.69269076e+00 -3.64930390e-01 9.29433209e-01 -5.45795302e-02 2.49123989e-01 -9.27907506e-01 -3.67879835e-01 -6.04269400e-02 1.01259186e+00
-8.67241333e-02 2.89867370e-02 9.95809623e-01 -1.69347411e+00 -3.64867787e-01 9.29198871e-01 -5.88237317e-02 2.55769803e-01 -9.27011219e-01 -3.68440672e-01 -7.00075454e-02 1.02901520e+00
-9.73897772e-02 2.93744771e-02 9.94811730e-01 -1.69363787e+00 -3.64539206e-01 9.29045876e-01 -6.31200619e-02 2.62472711e-01 -9.26080843e-01 -3.68795526e-01 -7.97713378e-02 1.04559768e+00
-1.08347361e-01 2.98794787e-02 9.93662906e-01 -1.69344725e+00 -3.64059200e-01 9.28916814e-01 -6.76289170e-02 2.69425425e-01 -9.25051931e-01 -3.69079957e-01 -8.97677084e-02 1.06265862e+00
-1.19091422e-01 3.03668038e-02 9.92417709e-01 -1.69318757e+00 -3.63763530e-01 9.28698709e-01 -7.20691156e-02 2.76253791e-01 -9.23846645e-01 -3.69588612e-01 -9.95536467e-02 1.07938230e+00
-1.29971884e-01 3.09956098e-02 9.91031972e-01 -1.69278186e+00 -3.63339953e-01 9.28494306e-01 -7.66909343e-02 2.83240350e-01 -9.22545712e-01 -3.70049617e-01 -1.09416161e-01 1.09637665e+00
-1.40945295e-01 3.17595193e-02 9.89506739e-01 -1.69223891e+00 -3.62779196e-01 9.28306593e-01 -8.14694162e-02 2.90425010e-01 -9.21154103e-01 -3.70455635e-01 -1.19318715e-01 1.11374240e+00
-1.52569830e-01 3.24631597e-02 9.87758249e-01 -1.69132495e+00 -3.62299373e-01 9.28042358e-01 -8.64615282e-02 2.97924408e-01 -9.19489383e-01 -3.71056071e-01 -1.29829863e-01 1.13192144e+00
-1.64760234e-01 3.30493257e-02 9.85778686e-01 -1.69024909e+00 -3.61655518e-01 9.27805283e-01 -9.15517214e-02 3.05561929e-01 -9.17637447e-01 -3.71596833e-01 -1.40912938e-01 1.15056426e+00
-1.77421592e-01 3.34701318e-02 9.83564471e-01 -1.68892603e+00 -3.60893499e-01 9.27583285e-01 -9.66653253e-02 3.13403817e-01 -9.15574437e-01 -3.72113007e-01 -1.52494157e-01 1.16980886e+00
-1.89974738e-01 3.36091018e-02 9.81212442e-01 -1.68729923e+00 -3.60268577e-01 9.27308115e-01 -1.01515092e-01 3.21083011e-01 -9.13299121e-01 -3.72785765e-01 -1.64056833e-01 1.18888796e+00
-2.02133158e-01 3.34532551e-02 9.78785429e-01 -1.68541979e+00 -3.60209671e-01 9.26821570e-01 -1.06065598e-01 3.28488507e-01 -9.10708726e-01 -3.74007794e-01 -1.75291210e-01 1.20741642e+00
-2.13815144e-01 3.31185827e-02 9.76311446e-01 -1.68345764e+00 -3.60347434e-01 9.26269060e-01 -1.10338150e-01 3.35682302e-01 -9.07982367e-01 -3.75403755e-01 -1.86116190e-01 1.22547203e+00
-2.25951555e-01 3.27460647e-02 9.73586856e-01 -1.68150785e+00 -3.60360613e-01 9.25725307e-01 -1.14769266e-01 3.43118512e-01 -9.05033271e-01 -3.76775122e-01 -1.97368737e-01 1.24403430e+00
-2.38533935e-01 3.23865603e-02 9.70592850e-01 -1.67932521e+00 -3.60203695e-01 9.25201072e-01 -1.19395925e-01 3.50784499e-01 -9.01861406e-01 -3.78091572e-01 -2.09026162e-01 1.26310342e+00
-2.50782976e-01 3.22120342e-02 9.67506106e-01 -1.67696197e+00 -3.59879490e-01 9.24712089e-01 -1.24069973e-01 3.58357696e-01 -8.98662195e-01 -3.79300705e-01 -2.20309688e-01 1.28173128e+00
-2.63418045e-01 3.19755114e-02 9.64150523e-01 -1.67422855e+00 -3.59009314e-01 9.24411435e-01 -1.28743390e-01 3.66106845e-01 -8.95389458e-01 -3.80052834e-01 -2.32027249e-01 1.30094733e+00
-2.76398888e-01 3.18778299e-02 9.60512971e-01 -1.67105866e+00 -3.57875204e-01 9.24154222e-01 -1.33653879e-01 3.74147978e-01 -8.91923773e-01 -3.80686050e-01 -2.44027030e-01 1.32080557e+00
-2.89108690e-01 3.14827760e-02 9.56777247e-01 -1.66756133e+00 -3.56897846e-01 9.23857059e-01 -1.38243035e-01 3.82014588e-01 -8.88278766e-01 -3.81439489e-01 -2.55859086e-01 1.34044593e+00
-3.02386610e-01 3.12659261e-02 9.52671219e-01 -1.66374589e+00 -3.55945747e-01 9.23455685e-01 -1.43287479e-01 3.90275666e-01 -8.84230756e-01 -3.82427980e-01 -2.68111788e-01 1.36081358e+00
-3.15582129e-01 3.09295877e-02 9.48392821e-01 -1.65996483e+00 -3.54717681e-01 9.23162375e-01 -1.48140648e-01 3.98448227e-01 -8.80103587e-01 -3.83162741e-01 -2.80362423e-01 1.38108328e+00
-3.28915055e-01 3.06639025e-02 9.43860331e-01 -1.65600108e+00 -3.53106165e-01 9.22981744e-01 -1.53035442e-01 4.06823452e-01 -8.75859612e-01 -3.83619042e-01 -2.92755125e-01 1.40177668e+00
-3.42269986e-01 3.04450380e-02 9.39107088e-01 -1.65136690e+00 -3.51407688e-01 9.22794971e-01 -1.57991303e-01 4.15161671e-01 -8.71414442e-01 -3.84085592e-01 -3.05146547e-01 1.42240265e+00
-3.55658431e-01 3.01632112e-02 9.34127975e-01 -1.64608537e+00 -3.49638814e-01 9.22611257e-01 -1.62912180e-01 4.23372403e-01 -8.66752038e-01 -3.84548930e-01 -3.17588394e-01 1.44280929e+00
-3.68824491e-01 2.98676509e-02 9.29017872e-01 -1.64061663e+00 -3.47951417e-01 9.22374510e-01 -1.67792337e-01 4.31520601e-01 -8.61915065e-01 -3.85139459e-01 -3.29801988e-01 1.46300914e+00
-3.81939114e-01 2.96651074e-02 9.23710084e-01 -1.63520205e+00 -3.45744219e-01 9.22321098e-01 -1.72580034e-01 4.39429578e-01 -8.57078013e-01 -3.85282916e-01 -3.42014165e-01 1.48273584e+00
-3.95536022e-01 2.93115628e-02 9.17981424e-01 -1.62949130e+00 -3.43836863e-01 9.22082352e-01 -1.77593431e-01 4.47447727e-01 -8.51661121e-01 -3.85880884e-01 -3.54638627e-01 1.50269064e+00
-4.09665517e-01 2.87452071e-02 9.11781629e-01 -1.62323693e+00 -3.41818782e-01 9.21846432e-01 -1.82642381e-01 4.55576574e-01 -8.45773796e-01 -3.86486802e-01 -3.67823285e-01 1.52306792e+00
-4.23478422e-01 2.78842791e-02 9.05475774e-01 -1.61632962e+00 -3.40435943e-01 9.21364384e-01 -1.87590659e-01 4.63570572e-01 -8.39504964e-01 -3.87697539e-01 -3.80685381e-01 1.54308090e+00
-4.37985951e-01 2.69925001e-02 8.98575328e-01 -1.60852985e+00 -3.38794917e-01 9.20894012e-01 -1.92799179e-01 4.71874181e-01 -8.32697728e-01 -3.88876540e-01 -3.94193974e-01 1.56382998e+00
-4.53025551e-01 2.62949162e-02 8.91108509e-01 -1.59969669e+00 -3.36708858e-01 9.20482497e-01 -1.98339108e-01 4.80507550e-01 -8.25466062e-01 -3.89897246e-01 -4.08148637e-01 1.58519456e+00
-4.68176899e-01 2.56221990e-02 8.83262014e-01 -1.59002366e+00 -3.34291890e-01 9.20151630e-01 -2.03885124e-01 4.89144267e-01 -8.17959956e-01 -3.90722079e-01 -4.22228742e-01 1.60659597e+00
-4.83189192e-01 2.49108476e-02 8.75160290e-01 -1.58013387e+00 -3.32058034e-01 9.19696181e-01 -2.09512717e-01 4.97927381e-01 -8.10101702e-01 -3.91838733e-01 -4.36115745e-01 1.62823952e+00
-4.98484585e-01 2.39837695e-02 8.66565496e-01 -1.56964556e+00 -3.30045757e-01 9.19085283e-01 -2.15293358e-01 5.06870495e-01 -8.01612120e-01 -3.93327141e-01 -4.50234455e-01 1.65015408e+00
-5.14013281e-01 2.28084877e-02 8.57477675e-01 -1.55861213e+00 -3.27779534e-01 9.18560897e-01 -2.20920000e-01 5.15794005e-01 -7.92685266e-01 -3.94619917e-01 -4.64676721e-01 1.67220991e+00
-5.29507938e-01 2.12742185e-02 8.48036940e-01 -1.54623814e+00 -3.25295346e-01 9.18172313e-01 -2.26145582e-01 5.24469909e-01 -7.83456033e-01 -3.95608815e-01 -4.79259484e-01 1.69410942e+00
-5.44181195e-01 2.02462761e-02 8.38722138e-01 -1.53352207e+00 -3.22704664e-01 9.17744055e-01 -2.31531578e-01 5.32944926e-01 -7.74420787e-01 -3.96655151e-01 -4.92885868e-01 1.71492138e+00
-5.58977455e-01 1.95640599e-02 8.28950789e-01 -1.52036847e+00 -3.19257252e-01 9.17570219e-01 -2.36936815e-01 5.41542316e-01 -7.65256858e-01 -3.97091351e-01 -5.06655492e-01 1.73600494e+00
-5.73486067e-01 1.89915125e-02 8.18993875e-01 -1.50709604e+00 -3.15773597e-01 9.17352049e-01 -2.42387185e-01 5.50128941e-01 -7.55909872e-01 -3.97622785e-01 -5.20092030e-01 1.75685585e+00
-5.87749356e-01 1.84057645e-02 8.08832365e-01 -1.49295014e+00 -3.12396868e-01 9.17041492e-01 -2.47875680e-01 5.58698700e-01 -7.46296034e-01 -3.98365952e-01 -5.33241106e-01 1.77757186e+00
-6.01777750e-01 1.75296874e-02 7.98469814e-01 -1.47864384e+00 -3.09094648e-01 9.16739004e-01 -2.53079563e-01 5.67020966e-01 -7.36425711e-01 -3.99100893e-01 -5.46255298e-01 1.79784287e+00
-6.15627394e-01 1.64021559e-02 7.87865256e-01 -1.46430302e+00 -3.05987044e-01 9.16361626e-01 -2.58171409e-01 5.75379726e-01 -7.26204906e-01 -4.00014462e-01 -5.59118992e-01 1.81814795e+00
-6.29324778e-01 1.50987661e-02 7.76994271e-01 -1.45014964e+00 -3.02848398e-01 9.16004891e-01 -2.63091418e-01 5.83739919e-01 -7.15703714e-01 -4.00881954e-01 -5.71892475e-01 1.83858186e+00
-6.42975499e-01 1.32986461e-02 7.65769835e-01 -1.43518504e+00 -2.99821181e-01 9.15681349e-01 -2.67645652e-01 5.91992575e-01 -7.04761268e-01 -4.01684144e-01 -5.84773978e-01 1.85911806e+00
-6.56153643e-01 1.16374035e-02 7.54536095e-01 -1.42027045e+00 -2.96592300e-01 9.15438126e-01 -2.72039219e-01 6.00030796e-01 -6.93897708e-01 -4.02289673e-01 -5.97217019e-01 1.87906278e+00
-6.68947917e-01 1.00553947e-02 7.43239773e-01 -1.40502539e+00 -2.93587451e-01 9.15033623e-01 -2.76620971e-01 6.08060142e-01 -6.82871677e-01 -4.03251430e-01 -6.09158237e-01 1.89857403e+00
-6.82500458e-01 8.82613866e-03 7.30830374e-01 -1.38860429e+00 -2.89584494e-01 9.14826671e-01 -2.81482431e-01 6.16354744e-01 -6.71068230e-01 -4.03749582e-01 -6.21814238e-01 1.91855340e+00
-6.96088981e-01 6.69088451e-03 7.17922810e-01 -1.37102550e+00 -2.86462516e-01 9.14323301e-01 -2.86271721e-01 6.24302550e-01 -6.58329677e-01 -4.04929119e-01 -6.34534219e-01 1.93781343e+00
-7.10122144e-01 4.25927870e-03 7.04064000e-01 -1.35169706e+00 -2.83731917e-01 9.13458821e-01 -2.91699275e-01 6.32632369e-01 -6.44376628e-01 -4.06908115e-01 -6.47459416e-01 1.95723358e+00
-7.24872539e-01 1.39012190e-03 6.88879971e-01 -1.33048526e+00 -2.80740069e-01 9.12593496e-01 -2.97249671e-01 6.41300970e-01 -6.29081330e-01 -4.08864887e-01 -6.61124302e-01 1.97737039e+00
-7.39132964e-01 -1.70857826e-03 6.73555686e-01 -1.30882612e+00 -2.77725935e-01 9.11806010e-01 -3.02452301e-01 6.49642185e-01 -6.13636055e-01 -4.10616926e-01 -6.74420997e-01 1.99674517e+00
-7.52319905e-01 -6.24719290e-03 6.58766571e-01 -1.28723707e+00 -2.76406327e-01 9.10678520e-01 -3.07023403e-01 6.57236231e-01 -5.98007254e-01 -4.13067651e-01 -6.86848977e-01 2.01454573e+00
-7.64969686e-01 -1.04400444e-02 6.43979867e-01 -1.26500464e+00 -2.74803200e-01 9.09578917e-01 -3.11686815e-01 6.64795251e-01 -5.82497161e-01 -4.15399291e-01 -6.98669879e-01 2.03163264e+00
-7.77570771e-01 -1.57704492e-02 6.28595809e-01 -1.24240028e+00 -2.74475780e-01 9.07928225e-01 -3.16747024e-01 6.72517979e-01 -5.65725310e-01 -4.18828154e-01 -7.10307657e-01 2.04844927e+00
-7.89568130e-01 -2.08776769e-02 6.13305784e-01 -1.21961167e+00 -2.74169717e-01 9.06128724e-01 -3.22119506e-01 6.80457190e-01 -5.49009540e-01 -4.22485772e-01 -7.21175019e-01 2.06483165e+00
-8.02417908e-01 -2.71489733e-02 5.96142766e-01 -1.19501011e+00 -2.73917212e-01 9.04268855e-01 -3.27515555e-01 6.88872168e-01 -5.30182308e-01 -4.26098684e-01 -7.33038720e-01 2.08226048e+00
-8.14809329e-01 -3.42377732e-02 5.78715197e-01 -1.17093353e+00 -2.74340294e-01 9.02176948e-01 -3.32886430e-01 6.97438814e-01 -5.10706877e-01 -4.30004443e-01 -7.44495662e-01 2.09959678e+00
-8.26874340e-01 -4.22905655e-02 5.60792393e-01 -1.14731540e+00 -2.75527796e-01 8.99758313e-01 -3.38405978e-01 7.06242350e-01 -4.90266896e-01 -4.34333678e-01 -7.55639964e-01 2.11696498e+00
-8.38536663e-01 -4.97972053e-02 5.42562717e-01 -1.12356078e+00 -2.75830656e-01 8.97572666e-01 -3.43918632e-01 7.15095901e-01 -4.69863903e-01 -4.38044395e-01 -7.66383833e-01 2.13371092e+00
-8.49932868e-01 -5.79234651e-02 5.23695310e-01 -1.09871513e+00 -2.76471088e-01 8.95141552e-01 -3.49692026e-01 7.24226355e-01 -4.48526694e-01 -4.42001933e-01 -7.76825082e-01 2.15014852e+00
-8.61328004e-01 -6.65098007e-02 5.03674770e-01 -1.07213005e+00 -2.77056864e-01 8.92494618e-01 -3.55938229e-01 7.33852154e-01 -4.25854254e-01 -4.46126713e-01 -7.87158303e-01 2.16648416e+00
-8.71961013e-01 -7.57829409e-02 4.83672086e-01 -1.04558649e+00 -2.78224348e-01 8.89609705e-01 -3.62194690e-01 7.43587383e-01 -4.02831782e-01 -4.50389614e-01 -7.96790339e-01 2.18245773e+00
-8.82068465e-01 -8.55876384e-02 4.63279259e-01 -1.01875651e+00 -2.79446366e-01 8.86741352e-01 -3.68237168e-01 7.53242637e-01 -3.79292903e-01 -4.54272721e-01 -8.06084497e-01 2.19784546e+00
-8.91814109e-01 -9.36817775e-02 4.42593507e-01 -9.92210983e-01 -2.78812275e-01 8.84258801e-01 -3.74631974e-01 7.62843665e-01 -3.56271594e-01 -4.57503194e-01 -8.14714894e-01 2.21203071e+00
-9.01264476e-01 -1.00076018e-01 4.21550452e-01 -9.64850245e-01 -2.76309058e-01 8.82187374e-01 -3.81310538e-01 7.72704265e-01 -3.33727013e-01 -4.60140482e-01 -8.22736860e-01 2.22552954e+00
-9.10738572e-01 -1.07151839e-01 3.98837560e-01 -9.35889074e-01 -2.73548847e-01 8.80034287e-01 -3.88213407e-01 7.82842397e-01 -3.09393487e-01 -4.62663096e-01 -8.30793280e-01 2.23888128e+00
-9.19884805e-01 -1.15143779e-01 3.74902090e-01 -9.05832783e-01 -2.71019862e-01 8.77587509e-01 -3.95458432e-01 7.93783310e-01 -2.83475332e-01 -4.65382713e-01 -8.38486517e-01 2.25294479e+00
-9.28165128e-01 -1.24765229e-01 3.50629348e-01 -8.75927325e-01 -2.69753147e-01 8.74605694e-01 -4.02861147e-01 8.04827506e-01 -2.56399866e-01 -4.68505619e-01 -8.45435139e-01 2.26645491e+00
-9.35642227e-01 -1.33024505e-01 3.26918862e-01 -8.47165622e-01 -2.67234479e-01 8.72068579e-01 -4.09976994e-01 8.15300496e-01 -2.30559170e-01 -4.70956384e-01 -8.51493682e-01 2.27832517e+00
-9.42683443e-01 -1.40777554e-01 3.02535032e-01 -8.17654573e-01 -2.63782885e-01 8.69663944e-01 -4.17255595e-01 8.25556937e-01 -2.04364053e-01 -4.73144118e-01 -8.56953272e-01 2.28883517e+00
-9.49463106e-01 -1.48087970e-01 2.76744573e-01 -7.86189503e-01 -2.59088070e-01 8.67470610e-01 -4.24696431e-01 8.35496943e-01 -1.77175801e-01 -4.74935442e-01 -8.61999947e-01 2.29748414e+00
-9.56100336e-01 -1.53965671e-01 2.49328203e-01 -7.53341782e-01 -2.52190102e-01 8.65632415e-01 -4.32527070e-01 8.45309378e-01 -1.49232673e-01 -4.76418011e-01 -8.66460834e-01 2.30470477e+00
-9.61980853e-01 -1.59660313e-01 2.21583558e-01 -7.20085584e-01 -2.44760052e-01 8.63955812e-01 -4.40081663e-01 8.55458741e-01 -1.21175217e-01 -4.77585551e-01 -8.70188217e-01 2.31220648e+00
-9.67143415e-01 -1.65212920e-01 1.93225776e-01 -6.85364177e-01 -2.36709153e-01 8.62457134e-01 -4.47365012e-01 8.65418448e-01 -9.27388395e-02 -4.78405046e-01 -8.73227927e-01 2.31871318e+00
-9.71436161e-01 -1.70870521e-01 1.64660260e-01 -6.50419527e-01 -2.28430342e-01 8.61276902e-01 -4.53895074e-01 8.74811277e-01 -6.42611317e-02 -4.78544087e-01 -8.75708306e-01 2.32420599e+00
-9.74822479e-01 -1.76573427e-01 1.36165065e-01 -6.14966988e-01 -2.20092412e-01 8.59887439e-01 -4.60599546e-01 8.84132121e-01 -3.57573031e-02 -4.78972261e-01 -8.77100891e-01 2.32847901e+00
-9.77251682e-01 -1.82443791e-01 1.08126646e-01 -5.79613484e-01 -2.11941207e-01 8.58488206e-01 -4.66988122e-01 8.93005627e-01 -7.62665633e-03 -4.79282000e-01 -8.77627219e-01 2.33146298e+00
-9.78843551e-01 -1.88784156e-01 7.88909035e-02 -5.43190878e-01 -2.03448471e-01 8.57104271e-01 -4.73265191e-01 9.01754822e-01 2.17269779e-02 -4.79303395e-01 -8.77379689e-01 2.33344214e+00
-9.79240097e-01 -1.96713533e-01 4.88939235e-02 -5.06983579e-01 -1.95780141e-01 8.55401227e-01 -4.79539195e-01 9.10314233e-01 5.25076963e-02 -4.79157034e-01 -8.76156610e-01 2.33443818e+00
-9.78782115e-01 -2.03860106e-01 2.06091159e-02 -4.72031133e-01 -1.88041699e-01 8.53746829e-01 -4.85546700e-01 9.18279815e-01 8.13884368e-02 -4.79120333e-01 -8.73967125e-01 2.33376954e+00
-9.77516049e-01 -2.10740226e-01 -7.00645762e-03 -4.36772087e-01 -1.80185947e-01 8.52124799e-01 -4.91340363e-01 9.25685049e-01 1.09515379e-01 -4.79031166e-01 -8.70938842e-01 2.33122660e+00
-9.75929114e-01 -2.15514369e-01 -3.33786286e-02 -4.01964571e-01 -1.70970320e-01 8.51096440e-01 -4.96390080e-01 9.32507169e-01 1.35387464e-01 -4.78735335e-01 -8.67457034e-01 2.32757581e+00
-9.73507718e-01 -2.21221435e-01 -5.78098177e-02 -3.68600833e-01 -1.63413273e-01 8.49988936e-01 -5.00813267e-01 9.38506510e-01 1.59928204e-01 -4.78099246e-01 -8.63622024e-01 2.32283972e+00
-9.70405754e-01 -2.26830060e-01 -8.28189661e-02 -3.34480962e-01 -1.55282617e-01 8.48827010e-01 -5.05350331e-01 9.44500614e-01 1.84927525e-01 -4.77535055e-01 -8.58930133e-01 2.31706457e+00
-9.66941744e-01 -2.31279514e-01 -1.07385469e-01 -3.00532999e-01 -1.46209999e-01 8.47893968e-01 -5.09605207e-01 9.50427640e-01 2.08912647e-01 -4.77058263e-01 -8.53680183e-01 2.31103209e+00
-9.62906927e-01 -2.35471224e-01 -1.31763855e-01 -2.65751182e-01 -1.36811625e-01 8.46950641e-01 -5.13766659e-01 9.56720514e-01 2.32574683e-01 -4.76683216e-01 -8.47750557e-01 2.30496454e+00
-9.58438016e-01 -2.39424956e-01 -1.55146740e-01 -2.31890808e-01 -1.27596886e-01 8.46117086e-01 -5.17497736e-01 9.62859453e-01 2.55174146e-01 -4.76193808e-01 -8.41501338e-01 2.29891016e+00
-9.53791258e-01 -2.42850742e-01 -1.76929356e-01 -1.99406747e-01 -1.18735901e-01 8.45555000e-01 -5.20516526e-01 9.68919008e-01 2.76011326e-01 -4.75456784e-01 -8.35318764e-01 2.29345575e+00
-9.49185916e-01 -2.44813082e-01 -1.97764936e-01 -1.67378971e-01 -1.08917417e-01 8.45100287e-01 -5.23394109e-01 9.74662547e-01 2.95264967e-01 -4.75258783e-01 -8.28822366e-01 2.28722440e+00
-9.44224305e-01 -2.46514818e-01 -2.18332888e-01 -1.34807561e-01 -9.88733162e-02 8.44660365e-01 -5.26091082e-01 9.80031439e-01 3.14106441e-01 -4.75161196e-01 -8.21923237e-01 2.27984685e+00
-9.38880433e-01 -2.48706097e-01 -2.38006723e-01 -1.02748135e-01 -8.95340808e-02 8.44024480e-01 -5.28777112e-01 9.84957196e-01 3.32393672e-01 -4.75149283e-01 -8.14706340e-01 2.27161667e+00
-9.33278177e-01 -2.50064084e-01 -2.57794740e-01 -7.04340744e-02 -7.91769869e-02 8.43380107e-01 -5.31450725e-01 9.89664230e-01 3.50315781e-01 -4.75580461e-01 -8.06908228e-01 2.26248865e+00
-9.27218506e-01 -2.51385226e-01 -2.77614174e-01 -3.77810708e-02 -6.85922768e-02 8.42702868e-01 -5.33990432e-01 9.93817219e-01 3.68183689e-01 -4.76084127e-01 -7.98613446e-01 2.25201426e+00
-9.20778961e-01 -2.53053938e-01 -2.96863935e-01 -5.46648596e-03 -5.84166851e-02 8.41897890e-01 -5.36464657e-01 9.97492411e-01 3.85683732e-01 -4.76624054e-01 -7.89985071e-01 2.24055701e+00
-9.14138755e-01 -2.53851395e-01 -3.16082560e-01 2.64001484e-02 -4.73214486e-02 8.41167369e-01 -5.38699305e-01 1.00033394e+00 4.02628061e-01 -4.77488888e-01 -7.80956989e-01 2.22775273e+00
-9.06699519e-01 -2.55123739e-01 -3.35866376e-01 5.87652524e-02 -3.61316911e-02 8.40370715e-01 -5.40805193e-01 1.00283990e+00 4.20224712e-01 -4.78212814e-01 -7.71182518e-01 2.21395475e+00
-8.99143823e-01 -2.55844570e-01 -3.55080676e-01 9.09552760e-02 -2.46793075e-02 8.39680533e-01 -5.42518391e-01 1.00513529e+00 4.36954946e-01 -4.79039356e-01 -7.61308355e-01 2.19998358e+00
-8.90882178e-01 -2.56835223e-01 -3.74650424e-01 1.23763889e-01 -1.32334810e-02 8.39122980e-01 -5.43779469e-01 1.00726826e+00 4.54039770e-01 -4.79485950e-01 -7.50959257e-01 2.18554329e+00
-8.81963313e-01 -2.58049900e-01 -3.94397477e-01 1.56562879e-01 -1.83932250e-03 8.38676967e-01 -5.44624793e-01 1.00889684e+00 4.71312762e-01 -4.79614070e-01 -7.40157649e-01 2.17028787e+00
-8.72406725e-01 -2.60505964e-01 -4.13571693e-01 1.89116184e-01 8.24594501e-03 8.38166611e-01 -5.45350631e-01 1.01036318e+00 4.88709406e-01 -4.79178244e-01 -7.29074786e-01 2.15465131e+00
-8.62127071e-01 -2.63299930e-01 -4.32906961e-01 2.21590262e-01 1.81362251e-02 8.37797379e-01 -5.45678642e-01 1.01151156e+00 5.06365823e-01 -4.78296031e-01 -7.17513240e-01 2.13851048e+00
-8.51902932e-01 -2.65076067e-01 -4.51657469e-01 2.52724598e-01 2.86529001e-02 8.37553511e-01 -5.45602089e-01 1.01226887e+00 5.22913749e-01 -4.77741692e-01 -7.05919812e-01 2.12244945e+00
-8.41022378e-01 -2.66919751e-01 -4.70567288e-01 2.84244530e-01 3.94872335e-02 8.37204187e-01 -5.45461564e-01 1.01278348e+00 5.39555826e-01 -4.77327149e-01 -6.93568264e-01 2.10539413e+00
-8.29598294e-01 -2.69188169e-01 -4.89185717e-01 3.15662223e-01 4.98029805e-02 8.36945879e-01 -5.45013400e-01 1.01324527e+00 5.56133618e-01 -4.76505498e-01 -6.80923235e-01 2.08827612e+00
-8.17573380e-01 -2.71273713e-01 -5.07919829e-01 3.47297833e-01 6.04601152e-02 8.36758322e-01 -5.44222683e-01 1.01327607e+00 5.72640006e-01 -4.75651278e-01 -6.67710831e-01 2.07017533e+00
-8.04416215e-01 -2.72781452e-01 -5.27733890e-01 3.79729923e-01 7.23657981e-02 8.36732734e-01 -5.42807247e-01 1.01231385e+00 5.89640582e-01 -4.74833216e-01 -6.53342070e-01 2.05004189e+00
-7.90957702e-01 -2.74509421e-01 -5.46835141e-01 4.11229481e-01 8.38955599e-02 8.36614768e-01 -5.41327456e-01 1.01078405e+00 6.06090468e-01 -4.74044548e-01 -6.38697529e-01 2.02911762e+00
-7.76505908e-01 -2.76295529e-01 -5.66301581e-01 4.42945006e-01 9.56607884e-02 8.36626114e-01 -5.39355066e-01 1.00885560e+00 6.22804719e-01 -4.72985656e-01 -6.23215234e-01 2.00739249e+00
-7.61509720e-01 -2.77931510e-01 -5.85538314e-01 4.74031810e-01 1.07543417e-01 8.36692598e-01 -5.37008373e-01 1.00650923e+00 6.39167813e-01 -4.71908305e-01 -6.07260567e-01 1.98516432e+00
-7.45158018e-01 -2.80506048e-01 -6.05023943e-01 5.04301711e-01 1.18739675e-01 8.36932894e-01 -5.34267981e-01 1.00305367e+00 6.56230587e-01 -4.69954839e-01 -5.90340740e-01 1.96121814e+00
-7.28467301e-01 -2.82678850e-01 -6.24040231e-01 5.34303091e-01 1.30577900e-01 8.36910203e-01 -5.31534453e-01 9.99404736e-01 6.72519922e-01 -4.68691754e-01 -5.72750722e-01 1.93653171e+00
-7.11346067e-01 -2.84314282e-01 -6.42767660e-01 5.64141957e-01 1.42969180e-01 8.36872611e-01 -5.28395809e-01 9.95562455e-01 6.88145911e-01 -4.67768674e-01 -5.54658468e-01 1.91152974e+00
-6.93102319e-01 -2.86703443e-01 -6.61368574e-01 5.93125896e-01 1.54640429e-01 8.36997570e-01 -5.24899499e-01 9.90765453e-01 7.04055207e-01 -4.66083825e-01 -5.35789571e-01 1.88503021e+00
-6.74512123e-01 -2.88845577e-01 -6.79411331e-01 6.20901033e-01 1.65574991e-01 8.37652150e-01 -5.20501673e-01 9.84832212e-01 7.19455758e-01 -4.63578674e-01 -5.17181417e-01 1.85770468e+00
-6.56023902e-01 -2.90245891e-01 -6.96698030e-01 6.47324606e-01 1.77316632e-01 8.37989018e-01 -5.16073090e-01 9.78479131e-01 7.33614196e-01 -4.62092864e-01 -4.98275867e-01 1.82996672e+00
-6.37752315e-01 -2.91024276e-01 -7.13144476e-01 6.72997682e-01 1.89414385e-01 8.38181894e-01 -5.11440612e-01 9.71958733e-01 7.46587239e-01 -4.61252677e-01 -4.79428721e-01 1.80222266e+00
-6.19297995e-01 -2.92251266e-01 -7.28736871e-01 6.97544293e-01 2.00448949e-01 8.38536115e-01 -5.06631660e-01 9.64884345e-01 7.59136758e-01 -4.59830917e-01 -4.60722696e-01 1.77406117e+00
-6.00434657e-01 -2.93555842e-01 -7.43842398e-01 7.21442022e-01 2.10785938e-01 8.39186713e-01 -5.01331508e-01 9.57627881e-01 7.71392259e-01 -4.57808717e-01 -4.41999714e-01 1.74615236e+00
-5.81251750e-01 -2.94404721e-01 -7.58597772e-01 7.45021633e-01 2.21171177e-01 8.39999493e-01 -4.95461860e-01 9.50033338e-01 7.83088878e-01 -4.55768410e-01 -4.23137711e-01 1.71803444e+00
-5.61780637e-01 -2.95177538e-01 -7.72833155e-01 7.68467463e-01 2.30867004e-01 8.41128505e-01 -4.89082459e-01 9.42068797e-01 7.94418937e-01 -4.53179121e-01 -4.04383281e-01 1.68950045e+00
-5.42669981e-01 -2.95572130e-01 -7.86221807e-01 7.90862500e-01 2.40354346e-01 8.42251814e-01 -4.82535009e-01 9.34173612e-01 8.04821428e-01 -4.50829491e-01 -3.86023052e-01 1.66166601e+00
-5.23084714e-01 -2.95850836e-01 -7.99282758e-01 8.12555819e-01 2.49853104e-01 8.43381317e-01 -4.75688622e-01 9.25763902e-01 8.14833846e-01 -4.48529128e-01 -3.67240948e-01 1.63311712e+00
-5.02952921e-01 -2.97044429e-01 -8.11665699e-01 8.31902043e-01 2.57763060e-01 8.44803318e-01 -4.68896364e-01 9.16402136e-01 8.24981825e-01 -4.45050617e-01 -3.48329509e-01 1.60385377e+00
-4.81712132e-01 -2.98581956e-01 -8.23893476e-01 8.50618645e-01 2.65738029e-01 8.46125271e-01 -4.62010308e-01 9.06900542e-01 8.35065951e-01 -4.41496178e-01 -3.28244512e-01 1.57386589e+00
-4.59918281e-01 -3.00105285e-01 -8.35709425e-01 8.68156240e-01 2.73020006e-01 8.47771325e-01 -4.54688982e-01 8.96966300e-01 8.44945957e-01 -4.37285536e-01 -3.07971052e-01 1.54373335e+00
-4.38584164e-01 -3.01675386e-01 -8.46542437e-01 8.84049697e-01 2.79307424e-01 8.49567633e-01 -4.47459891e-01 8.86757066e-01 8.54183621e-01 -4.32694781e-01 -2.88346996e-01 1.51377536e+00
-4.15893543e-01 -3.03862612e-01 -8.57145387e-01 8.99201756e-01 2.84362910e-01 8.51811304e-01 -4.39947050e-01 8.76075044e-01 8.63810561e-01 -4.26711884e-01 -2.67855779e-01 1.48294928e+00
-3.93218931e-01 -3.06782733e-01 -8.66753318e-01 9.13177206e-01 2.88035260e-01 8.54138633e-01 -4.32990767e-01 8.65668249e-01 8.73162568e-01 -4.19916085e-01 -2.47499439e-01 1.45241635e+00
-3.70040421e-01 -3.08972040e-01 -8.76130353e-01 9.27145785e-01 2.92385835e-01 8.56416123e-01 -4.25511449e-01 8.55181976e-01 8.81804359e-01 -4.13624930e-01 -2.26569718e-01 1.42139155e+00
-3.47056818e-01 -3.11195940e-01 -8.84707108e-01 9.40573456e-01 2.95423546e-01 8.59040444e-01 -4.18058030e-01 8.45491042e-01 8.90098225e-01 -4.06453588e-01 -2.06201381e-01 1.39208765e+00
-3.23152968e-01 -3.13652619e-01 -8.92856207e-01 9.54041543e-01 2.97385513e-01 8.62024602e-01 -4.10455262e-01 8.36267383e-01 8.98405503e-01 -3.98162705e-01 -1.85290175e-01 1.36317805e+00
-2.99516417e-01 -3.16126347e-01 -9.00195566e-01 9.66610049e-01 2.99466688e-01 8.64680098e-01 -4.03294115e-01 8.27385262e-01 9.05874202e-01 -3.90372160e-01 -1.64316653e-01 1.33439700e+00
-2.74674582e-01 -3.18859161e-01 -9.07127736e-01 9.78014647e-01 3.00163454e-01 8.67833547e-01 -3.95935590e-01 8.18000375e-01 9.13484683e-01 -3.81040395e-01 -1.42661994e-01 1.30464981e+00
-2.49851396e-01 -3.21374904e-01 -9.13394992e-01 9.89360422e-01 3.00912460e-01 8.70834380e-01 -3.88712343e-01 8.08959783e-01 9.20339330e-01 -3.71972603e-01 -1.20873486e-01 1.27483584e+00
-2.24643435e-01 -3.23119590e-01 -9.19307909e-01 9.99976810e-01 3.00743407e-01 8.74374227e-01 -3.80816548e-01 7.99589460e-01 9.26869629e-01 -3.62024053e-01 -9.92463260e-02 1.24536634e+00
-2.00569780e-01 -3.24689224e-01 -9.24308757e-01 1.00966151e+00 3.00762387e-01 8.77511883e-01 -3.73514462e-01 7.90954909e-01 9.32369186e-01 -3.52913342e-01 -7.83480162e-02 1.21703231e+00
-1.76694425e-01 -3.26172773e-01 -9.28648709e-01 1.01815666e+00 3.01990937e-01 8.80021647e-01 -3.66553508e-01 7.82439441e-01 9.36791950e-01 -3.45211734e-01 -5.69936311e-02 1.18848768e+00
-1.53956783e-01 -3.27327146e-01 -9.32283334e-01 1.02570627e+00 3.04502634e-01 8.81892065e-01 -3.59920274e-01 7.74426889e-01 9.39986174e-01 -3.39295185e-01 -3.61011940e-02 1.16110890e+00
-1.30049447e-01 -3.28304004e-01 -9.35575538e-01 1.03299923e+00 3.06497741e-01 8.84062556e-01 -3.52832356e-01 7.66074085e-01 9.42944799e-01 -3.32637724e-01 -1.43472867e-02 1.13278465e+00
-1.06334414e-01 -3.29273372e-01 -9.38227051e-01 1.04044704e+00 3.08043147e-01 8.86245554e-01 -3.45942733e-01 7.58230307e-01 9.45410519e-01 -3.25800302e-01 7.19215701e-03 1.10497817e+00
-8.25241440e-02 -3.30243903e-01 -9.40280108e-01 1.04752933e+00 3.08496753e-01 8.88690590e-01 -3.39200298e-01 7.50768052e-01 9.47638191e-01 -3.18065820e-01 2.85409233e-02 1.07790958e+00
-6.07543541e-02 -3.30538142e-01 -9.41834072e-01 1.05361405e+00 3.09773442e-01 8.90742576e-01 -3.32590098e-01 7.44010928e-01 9.48866668e-01 -3.11961717e-01 4.82756564e-02 1.05343676e+00
-3.95202542e-02 -3.31050069e-01 -9.42784117e-01 1.05867177e+00 3.11231266e-01 8.92506878e-01 -3.26442296e-01 7.37410275e-01 9.49511348e-01 -3.06325218e-01 6.77612701e-02 1.02938509e+00
-1.87432064e-02 -3.31300539e-01 -9.43337990e-01 1.06250238e+00 3.13450314e-01 8.93991097e-01 -3.20198088e-01 7.30850097e-01 9.49418866e-01 -3.01691348e-01 8.70902616e-02 1.00631060e+00
1.50342871e-03 -3.31527667e-01 -9.43443175e-01 1.06522321e+00 3.15736306e-01 8.95341314e-01 -3.14121694e-01 7.24248551e-01 9.48845020e-01 -2.97407216e-01 1.06021697e-01 9.83696519e-01
2.06711442e-02 -3.31804414e-01 -9.43120604e-01 1.06709901e+00 3.18389245e-01 8.96394700e-01 -3.08387389e-01 7.17708801e-01 9.47733933e-01 -2.93904927e-01 1.24172780e-01 9.61634604e-01
3.96659172e-02 -3.31860195e-01 -9.42493166e-01 1.06913519e+00 3.20943718e-01 8.97487116e-01 -3.02506146e-01 7.11437958e-01 9.46266571e-01 -2.90488252e-01 1.42108433e-01 9.40232511e-01
5.85657661e-02 -3.31772770e-01 -9.41538524e-01 1.07107168e+00 3.24166430e-01 8.98366933e-01 -2.96396645e-01 7.05131856e-01 9.44184758e-01 -2.87856668e-01 1.60163501e-01 9.18880261e-01
7.66533284e-02 -3.31576459e-01 -9.40308065e-01 1.07247958e+00 3.27400370e-01 8.99159610e-01 -2.90377264e-01 6.98859593e-01 9.41770638e-01 -2.85598993e-01 1.77482222e-01 8.98184284e-01
9.37320096e-02 -3.31248756e-01 -9.38875141e-01 1.07386956e+00 3.30412101e-01 8.99929469e-01 -2.84521958e-01 6.92785955e-01 9.39170305e-01 -2.83547045e-01 1.93801208e-01 8.78238571e-01
1.09796332e-01 -3.30711075e-01 -9.37322223e-01 1.07487245e+00 3.33024416e-01 9.00756955e-01 -2.78800303e-01 6.86908636e-01 9.36503199e-01 -2.81540074e-01 2.09035107e-01 8.59461612e-01
1.25245965e-01 -3.30189470e-01 -9.35567395e-01 1.07557923e+00 3.35616048e-01 9.01499574e-01 -2.73236746e-01 6.81161421e-01 9.33634816e-01 -2.79769777e-01 2.23726536e-01 8.41243512e-01
1.39812600e-01 -3.29789149e-01 -9.33643149e-01 1.07591417e+00 3.38239033e-01 9.02092838e-01 -2.67993888e-01 6.75525366e-01 9.30615616e-01 -2.78325766e-01 2.37672006e-01 8.23504710e-01
1.54213763e-01 -3.29294583e-01 -9.31547741e-01 1.07576635e+00 3.40570881e-01 9.02761073e-01 -2.62738998e-01 6.69898312e-01 9.27484849e-01 -2.76740203e-01 2.51366857e-01 8.06257380e-01
1.67538306e-01 -3.28672511e-01 -9.29463939e-01 1.07547065e+00 3.42676310e-01 9.03418156e-01 -2.57694348e-01 6.64576574e-01 9.24392949e-01 -2.75331750e-01 2.63985985e-01 7.90181198e-01
1.80437517e-01 -3.28009835e-01 -9.27280805e-01 1.07498703e+00 3.44522614e-01 9.04106179e-01 -2.52772605e-01 6.59407630e-01 9.21273535e-01 -2.73859710e-01 2.76142036e-01 7.74763339e-01
1.92489067e-01 -3.27396958e-01 -9.25071330e-01 1.07455983e+00 3.46235402e-01 9.04731171e-01 -2.48153799e-01 6.54560655e-01 9.18186991e-01 -2.72525731e-01 2.87507861e-01 7.60100863e-01
2.03495842e-01 -3.26869998e-01 -9.22899396e-01 1.07405056e+00 3.47840570e-01 9.05264803e-01 -2.43926982e-01 6.49996775e-01 9.15202034e-01 -2.71383893e-01 2.97916869e-01 7.46224820e-01
2.13871841e-01 -3.26328720e-01 -9.20742259e-01 1.07346874e+00 3.49231974e-01 9.05801518e-01 -2.39913439e-01 6.45706712e-01 9.12301621e-01 -2.70242067e-01 3.07690479e-01 7.33288017e-01
2.23649953e-01 -3.25667899e-01 -9.18650628e-01 1.07285959e+00 3.50269948e-01 9.06414160e-01 -2.36055361e-01 6.41679329e-01 9.09554834e-01 -2.68982106e-01 3.16791793e-01 7.21305522e-01
2.32520456e-01 -3.25047828e-01 -9.16665715e-01 1.07237579e+00 3.51156645e-01 9.06979707e-01 -2.32539471e-01 6.38046204e-01 9.06984879e-01 -2.67823234e-01 3.25034692e-01 7.10334032e-01
2.40185372e-01 -3.24377562e-01 -9.14925160e-01 1.07220927e+00 3.51846858e-01 9.07515477e-01 -2.29384324e-01 6.34888725e-01 9.04717136e-01 -2.66818935e-01 3.32103841e-01 7.00642350e-01
2.47565978e-01 -3.23765360e-01 -9.13173001e-01 1.07195026e+00 3.52673855e-01 9.07966696e-01 -2.26308071e-01 6.31839717e-01 9.02402682e-01 -2.66026208e-01 3.38965915e-01 6.91338115e-01
2.54282560e-01 -3.23255020e-01 -9.11506638e-01 1.07166705e+00 3.53614586e-01 9.08303258e-01 -2.23471618e-01 6.29016786e-01 9.00164072e-01 -2.65497267e-01 3.45274068e-01 6.82789715e-01
2.60273435e-01 -3.22728424e-01 -9.10001037e-01 1.07156064e+00 3.54501316e-01 9.08601239e-01 -2.20839842e-01 6.26460596e-01 8.98100706e-01 -2.65117966e-01 3.50893118e-01 6.74936083e-01
2.65607306e-01 -3.22282519e-01 -9.08616782e-01 1.07154464e+00 3.55381219e-01 9.08829597e-01 -2.18473135e-01 6.24176527e-01 8.96189250e-01 -2.64877435e-01 3.55925663e-01 6.67774167e-01
2.70233369e-01 -3.21906775e-01 -9.07385043e-01 1.07169105e+00 3.56281811e-01 9.08980807e-01 -2.16366973e-01 6.22167066e-01 8.94446938e-01 -2.64815379e-01 3.60327225e-01 6.61317224e-01
2.73967258e-01 -3.21364510e-01 -9.06457097e-01 1.07203757e+00 3.57011048e-01 9.09156296e-01 -2.14418893e-01 6.20465475e-01 8.93019102e-01 -2.64871621e-01 3.63810503e-01 6.55900303e-01
2.76889973e-01 -3.20665635e-01 -9.05816330e-01 1.07260444e+00 3.57623534e-01 9.09343601e-01 -2.12596271e-01 6.19028789e-01 8.91871869e-01 -2.65075634e-01 3.66466474e-01 6.51376271e-01
2.79333420e-01 -3.19814016e-01 -9.05367072e-01 1.07332688e+00 3.58089516e-01 9.09573998e-01 -2.10818838e-01 6.17789386e-01 8.90922422e-01 -2.65313895e-01 3.68597241e-01 6.47576617e-01
2.81230050e-01 -3.18886161e-01 -9.05107137e-01 1.07431367e+00 3.58460386e-01 9.09809806e-01 -2.09164434e-01 6.16789306e-01 8.90176293e-01 -2.65621914e-01 3.70174697e-01 6.44441845e-01
2.82538606e-01 -3.17878062e-01 -9.05054185e-01 1.07555246e+00 3.58727823e-01 9.10052036e-01 -2.07646585e-01 6.16035068e-01 8.89654020e-01 -2.66000133e-01 3.71157324e-01 6.42023981e-01
2.83479821e-01 -3.16839484e-01 -9.05124053e-01 1.07690181e+00 3.58922940e-01 9.10295515e-01 -2.06237414e-01 6.15425340e-01 8.89275835e-01 -2.66405833e-01 3.71772155e-01 6.39991081e-01
2.83571141e-01 -3.15761924e-01 -9.05471959e-01 1.07861765e+00 3.58903161e-01 9.10552510e-01 -2.05134481e-01 6.15200054e-01 8.89254697e-01 -2.66806725e-01 3.71535153e-01 6.38862358e-01
