1.00000000e+00 0.00000000e+00 0.00000000e+00 0.00000000e+00 0.00000000e+00 1.00000000e+00 0.00000000e+00 0.00000000e+00 0.00000000e+00 0.00000000e+00 1.00000000e+00 0.00000000e+00
9.99999201e-01 1.06398994e-03 6.18067620e-04 7.03776789e-06 -1.06380414e-03 9.99999374e-01 -3.00954338e-04 4.49904794e-05 -6.18387438e-04 3.00296623e-04 9.99999766e-01 -3.61602898e-03
9.99997062e-01 1.96612843e-03 1.39335900e-03 -1.47575573e-04 -1.96541427e-03 9.99997910e-01 -5.13816264e-04 9.63242710e-05 -1.39436640e-03 5.11076260e-04 9.99998874e-01 -7.34193343e-03
9.99994063e-01 2.87351139e-03 1.88559764e-03 -1.20471643e-04 -2.87246298e-03 9.99995696e-01 -5.58543454e-04 9.84308756e-05 -1.88719458e-03 5.53123864e-04 9.99998040e-01 -1.09592872e-02
9.99990366e-01 3.53564812e-03 2.59258776e-03 -2.55473046e-04 -3.53445223e-03 9.99993638e-01 -4.65751170e-04 3.93335826e-05 -2.59421806e-03 4.56583355e-04 9.99996489e-01 -1.44806609e-02
9.99989303e-01 3.78841714e-03 2.65477128e-03 5.05888588e-04 -3.78693149e-03 9.99992685e-01 -5.64464671e-04 1.38814862e-04 -2.65689037e-03 5.54405239e-04 9.99996268e-01 -1.74642909e-02
9.99987273e-01 3.95523609e-03 3.13051327e-03 7.27448774e-04 -3.95289815e-03 9.99991888e-01 -7.52727835e-04 3.50853372e-04 -3.13346525e-03 7.40343688e-04 9.99994756e-01 -2.05947866e-02
9.99983214e-01 4.23272504e-03 3.96336074e-03 3.31316242e-04 -4.22926139e-03 9.99990665e-01 -8.81961706e-04 5.22292242e-04 -3.96705700e-03 8.65184819e-04 9.99991699e-01 -2.34983110e-02
9.99977040e-01 4.52744597e-03 5.05133092e-03 -3.92506202e-04 -4.52323148e-03 9.99989425e-01 -8.45501676e-04 6.11122119e-04 -5.05510547e-03 8.22633925e-04 9.99986830e-01 -2.67274280e-02
9.99975532e-01 4.15002265e-03 5.63891370e-03 -8.94187281e-04 -4.14608956e-03 9.99991145e-01 -7.09069077e-04 8.10692148e-04 -5.64180644e-03 6.85672290e-04 9.99983792e-01 -2.95841419e-02
9.99976459e-01 4.18427535e-03 5.44224008e-03 -8.54752402e-04 -4.17875837e-03 9.99990744e-01 -1.02475644e-03 1.43810308e-03 -5.44647750e-03 1.00199052e-03 9.99984599e-01 -3.21393094e-02
9.99975843e-01 3.91418565e-03 5.75382775e-03 -1.05390434e-03 -3.90805661e-03 9.99991807e-01 -1.07612029e-03 1.78177749e-03 -5.75799264e-03 1.05360799e-03 9.99982810e-01 -3.48093613e-02
9.99975842e-01 3.52585783e-03 5.99236621e-03 -1.57806895e-03 -3.51982840e-03 9.99993294e-01 -1.01646991e-03 2.15598987e-03 -5.99590983e-03 9.95353301e-04 9.99981442e-01 -3.73948204e-02
9.99979539e-01 3.79838626e-03 5.15546258e-03 -1.29773189e-03 -3.79297502e-03 9.99992272e-01 -1.05903261e-03 2.99264291e-03 -5.15944539e-03 1.03945643e-03 9.99986069e-01 -3.97444233e-02
9.99977221e-01 3.64161841e-03 5.68474652e-03 -2.35579079e-03 -3.63648841e-03 9.99992975e-01 -9.12528569e-04 3.49230836e-03 -5.68802973e-03 8.91835352e-04 9.99983313e-01 -4.21345007e-02
9.99977077e-01 5.04753199e-03 4.51493041e-03 -2.04509045e-03 -5.04271338e-03 9.99986719e-01 -1.07805288e-03 4.54914452e-03 -4.52031235e-03 1.05526078e-03 9.99989072e-01 -4.30589757e-02
9.99975480e-01 4.54812585e-03 5.32081335e-03 -3.46479596e-03 -4.54418996e-03 9.99989408e-01 -7.51574349e-04 4.98147976e-03 -5.32417540e-03 7.27377376e-04 9.99985387e-01 -4.45253772e-02
9.99973759e-01 5.12391766e-03 5.11475417e-03 -3.85500800e-03 -5.12385219e-03 9.99986874e-01 -2.59123791e-05 5.48035712e-03 -5.11482025e-03 -2.95114099e-07 9.99986698e-01 -4.56104335e-02
9.99971272e-01 5.46646284e-03 5.24314988e-03 -4.90957851e-03 -5.47074775e-03 9.99984727e-01 8.03257084e-04 5.97124156e-03 -5.23867910e-03 -8.31917372e-04 9.99985716e-01 -4.65755359e-02
9.99966329e-01 6.16048906e-03 5.40993482e-03 -6.09851812e-03 -6.17227161e-03 9.99978643e-01 2.16400631e-03 6.01193161e-03 -5.39648790e-03 -2.19732425e-03 9.99982823e-01 -4.81107199e-02
9.99965371e-01 6.89282818e-03 4.65659858e-03 -6.21648561e-03 -6.91040702e-03 9.99969046e-01 3.76953721e-03 6.20291074e-03 -4.63047202e-03 -3.80158453e-03 9.99981828e-01 -4.87304306e-02
9.99965056e-01 7.55523288e-03 3.57176885e-03 -6.77508600e-03 -7.57527276e-03 9.99955507e-01 5.63080171e-03 6.27858726e-03 -3.52906837e-03 -5.65766042e-03 9.99977547e-01 -4.98014952e-02
9.99957618e-01 8.82770862e-03 2.61160122e-03 -7.28717021e-03 -8.84722190e-03 9.99932385e-01 7.55704562e-03 6.17547693e-03 -2.54471398e-03 -7.57982854e-03 9.99967822e-01 -5.10247428e-02
9.99942943e-01 1.05690292e-02 1.54303595e-03 -7.57450870e-03 -1.05809724e-02 9.99912467e-01 7.94841845e-03 7.21910691e-03 -1.45889494e-03 -7.96428914e-03 9.99967016e-01 -5.04916372e-02
9.99927286e-01 1.20517375e-02 -3.05953757e-04 -7.71292055e-03 -1.20484983e-02 9.99886958e-01 8.99687057e-03 7.92257725e-03 4.14345604e-04 -8.99252735e-03 9.99959282e-01 -5.02256413e-02
9.99914456e-01 1.28922462e-02 -2.17811132e-03 -7.86718454e-03 -1.28719942e-02 9.99876043e-01 9.06940730e-03 9.20473447e-03 2.29476445e-03 -9.04059254e-03 9.99956275e-01 -4.93280243e-02
9.99895191e-01 1.39493855e-02 -3.85667000e-03 -8.21409697e-03 -1.39120325e-02 9.99857649e-01 9.54823360e-03 1.03958843e-02 3.98931068e-03 -9.49357619e-03 9.99946779e-01 -4.84400319e-02
9.99857800e-01 1.57682736e-02 -5.97026307e-03 -8.19178189e-03 -1.57051065e-02 9.99821756e-01 1.04833707e-02 1.15341642e-02 6.13450081e-03 -1.03881135e-02 9.99927037e-01 -4.66240655e-02
9.99827184e-01 1.66607960e-02 -8.24440708e-03 -8.19625178e-03 -1.65652840e-02 9.99796458e-01 1.15209117e-02 1.26042040e-02 8.43467351e-03 -1.13823467e-02 9.99899432e-01 -4.50964418e-02
9.99790073e-01 1.75570503e-02 -1.05599569e-02 -8.40629252e-03 -1.74298758e-02 9.99775954e-01 1.20169304e-02 1.39672141e-02 1.07685688e-02 -1.18303463e-02 9.99871817e-01 -4.37615730e-02
9.99763630e-01 1.84830083e-02 -1.14470804e-02 -9.32682330e-03 -1.83408736e-02 9.99754967e-01 1.23996943e-02 1.54480967e-02 1.16734551e-02 -1.21868107e-02 9.99857391e-01 -4.17946548e-02
9.99691324e-01 2.02839730e-02 -1.43475947e-02 -9.29758289e-03 -2.00890108e-02 9.99705705e-01 1.36046464e-02 1.64527304e-02 1.46193240e-02 -1.33122140e-02 9.99804319e-01 -4.06050445e-02
9.99632749e-01 2.17181990e-02 -1.62097421e-02 -9.69298691e-03 -2.14785135e-02 9.99659619e-01 1.48170501e-02 1.75007574e-02 1.65260181e-02 -1.44634428e-02 9.99758662e-01 -3.89214364e-02
9.99542637e-01 2.34044740e-02 -1.91552678e-02 -9.36146774e-03 -2.31093198e-02 9.99613106e-01 1.54876175e-02 1.87747223e-02 1.95103294e-02 -1.50378633e-02 9.99696425e-01 -3.71031689e-02
9.99462936e-01 2.48913117e-02 -2.13175145e-02 -9.61231709e-03 -2.45512227e-02 9.99569506e-01 1.60695014e-02 2.00479213e-02 2.17083217e-02 -1.55374938e-02 9.99643465e-01 -3.52053225e-02
9.99365293e-01 2.62786057e-02 -2.40551555e-02 -9.57953033e-03 -2.58703455e-02 9.99518653e-01 1.71287290e-02 2.11130399e-02 2.44936886e-02 -1.64955357e-02 9.99563724e-01 -3.33597237e-02
9.99257000e-01 2.81086550e-02 -2.63736130e-02 -9.93000354e-03 -2.76072126e-02 9.99434761e-01 1.91884994e-02 2.16242743e-02 2.68980620e-02 -1.84461337e-02 9.99467772e-01 -3.17184899e-02
9.99175890e-01 2.87308876e-02 -2.86754085e-02 -9.97345815e-03 -2.81379412e-02 9.99386238e-01 2.08716725e-02 2.22390266e-02 2.92574627e-02 -2.00475982e-02 9.99370628e-01 -2.95040004e-02
9.99089351e-01 2.91217742e-02 -3.11870940e-02 -9.92015324e-03 -2.84056693e-02 9.99328149e-01 2.31638016e-02 2.24379040e-02 3.18407045e-02 -2.22568090e-02 9.99244888e-01 -2.78329751e-02
9.98987524e-01 2.98329910e-02 -3.36771839e-02 -9.91716853e-03 -2.89915106e-02 9.99261872e-01 2.52046299e-02 2.27670531e-02 3.44042491e-02 -2.42027483e-02 9.99114661e-01 -2.56556975e-02
9.98870542e-01 3.10385996e-02 -3.59792228e-02 -1.00944454e-02 -3.00662505e-02 9.99176191e-01 2.72586821e-02 2.30775417e-02 3.67956473e-02 -2.61461232e-02 9.98980477e-01 -2.38046449e-02
9.98747722e-01 3.21148793e-02 -3.83648665e-02 -1.01382362e-02 -3.09822271e-02 9.99076736e-01 2.97618809e-02 2.30996487e-02 3.92852396e-02 -2.85359696e-02 9.98820223e-01 -2.20835022e-02
9.98614318e-01 3.32092637e-02 -4.08276481e-02 -1.01712834e-02 -3.19195788e-02 9.98983036e-01 3.18449170e-02 2.33571042e-02 4.18436664e-02 -3.04975752e-02 9.98658368e-01 -1.98412028e-02
9.98481329e-01 3.41544808e-02 -4.32297478e-02 -1.00881769e-02 -3.26724053e-02 9.98869186e-01 3.45383215e-02 2.30730339e-02 4.43604948e-02 -3.30734353e-02 9.98467705e-01 -1.80826569e-02
9.98343482e-01 3.51976664e-02 -4.55160607e-02 -1.00719150e-02 -3.34956826e-02 9.98730189e-01 3.76304019e-02 2.26984819e-02 4.67827603e-02 -3.60434599e-02 9.98254303e-01 -1.59125845e-02
9.98147503e-01 3.64545363e-02 -4.87130573e-02 -9.34781348e-03 -3.45148587e-02 9.98600023e-01 4.00836054e-02 2.27130914e-02 5.01060828e-02 -3.83280087e-02 9.98007910e-01 -1.36383185e-02
9.97965147e-01 3.73455358e-02 -5.16832473e-02 -8.86768587e-03 -3.51742576e-02 9.98485454e-01 4.23020330e-02 2.27835181e-02 5.31847581e-02 -4.03980173e-02 9.97766873e-01 -1.08864789e-02
9.97766969e-01 3.81567746e-02 -5.48208398e-02 -8.32786249e-03 -3.57546647e-02 9.98384797e-01 4.41499080e-02 2.30468424e-02 5.64169072e-02 -4.20912032e-02 9.97519286e-01 -8.79114949e-03
9.97599590e-01 3.86642700e-02 -5.74483032e-02 -7.87181452e-03 -3.60206404e-02 9.98274970e-01 4.63618716e-02 2.30928769e-02 5.91417437e-02 -4.41812421e-02 9.97271075e-01 -5.93394727e-03
9.97427516e-01 3.95013225e-02 -5.98182026e-02 -7.61725056e-03 -3.66448659e-02 9.98169072e-01 4.81194103e-02 2.33087668e-02 6.16094552e-02 -4.58035759e-02 9.97048435e-01 -3.14052232e-03
9.97262216e-01 3.96790549e-02 -6.24002664e-02 -7.23696809e-03 -3.67352407e-02 9.98188895e-01 4.76366296e-02 2.47273077e-02 6.41774220e-02 -4.52139056e-02 9.96913351e-01 -3.43332964e-04
9.97054850e-01 4.05894407e-02 -6.50712044e-02 -6.83555367e-03 -3.76144051e-02 9.98218499e-01 4.63111423e-02 2.64989319e-02 6.68350159e-02 -4.37271165e-02 9.96805059e-01 2.37036940e-03
9.96858663e-01 4.06958925e-02 -6.79470241e-02 -6.29806973e-03 -3.77479072e-02 9.98312653e-01 4.41213142e-02 2.88012060e-02 6.96279246e-02 -4.14178410e-02 9.96712467e-01 5.54296072e-03
9.96603292e-01 4.21124487e-02 -7.07712157e-02 -5.76096085e-03 -3.91152963e-02 9.98299671e-01 4.32156343e-02 3.02278581e-02 7.24707879e-02 -4.03005931e-02 9.96555605e-01 8.64666179e-03
9.96327267e-01 4.35878669e-02 -7.37036428e-02 -5.06541379e-03 -4.04887063e-02 9.98252803e-01 4.30334117e-02 3.12758290e-02 7.54505894e-02 -3.98911833e-02 9.96350921e-01 1.15006572e-02
9.96059654e-01 4.46819154e-02 -7.66089132e-02 -4.33301055e-03 -4.15957356e-02 9.98275595e-01 4.14187520e-02 3.28740569e-02 7.83274654e-02 -3.80689297e-02 9.96200199e-01 1.37623583e-02
9.95756808e-01 4.61853677e-02 -7.95963557e-02 -3.49143546e-03 -4.29958728e-02 9.98219942e-01 4.13302577e-02 3.37370590e-02 8.13635130e-02 -3.77325568e-02 9.95969608e-01 1.63296112e-02
9.95465161e-01 4.77005666e-02 -8.23043230e-02 -2.87051001e-03 -4.44415805e-02 9.98170827e-01 4.09854957e-02 3.45183266e-02 8.41087926e-02 -3.71418855e-02 9.95763744e-01 1.83870522e-02
9.95241068e-01 4.85992285e-02 -8.44604765e-02 -2.76841707e-03 -4.53049835e-02 9.98152142e-01 4.04929751e-02 3.54838422e-02 8.62723181e-02 -3.64737797e-02 9.95603316e-01 2.04264688e-02
9.94989784e-01 5.01803974e-02 -8.64723899e-02 -2.51620660e-03 -4.69035769e-02 9.98117363e-01 3.95195791e-02 3.64949186e-02 8.82926814e-02 -3.52657043e-02 9.95469708e-01 2.28328135e-02
9.94724621e-01 5.14328385e-02 -8.87573337e-02 -2.04689027e-03 -4.81486890e-02 9.98088019e-01 3.87553857e-02 3.73886847e-02 9.05809132e-02 -3.42773769e-02 9.95298636e-01 2.48138773e-02
9.94411459e-01 5.29194664e-02 -9.13550847e-02 -1.40617381e-03 -4.96908790e-02 9.98069302e-01 3.72626124e-02 3.85315449e-02 9.31506042e-02 -3.25148434e-02 9.95120604e-01 2.70116913e-02
9.94186637e-01 5.38499445e-02 -9.32385188e-02 -1.17322876e-03 -5.08359571e-02 9.98114178e-01 3.44061219e-02 4.05647143e-02 9.49154351e-02 -2.94662289e-02 9.95048762e-01 2.91771578e-02
9.93938442e-01 5.52056674e-02 -9.50739785e-02 -8.71447443e-04 -5.24333853e-02 9.98130136e-01 3.14165408e-02 4.24970683e-02 9.66305492e-02 -2.62410490e-02 9.94974003e-01 3.08889078e-02
9.93743117e-01 5.60001926e-02 -9.66383940e-02 -6.87360078e-04 -5.35243917e-02 9.98173193e-01 2.80262089e-02 4.46239687e-02 9.80313017e-02 -2.26783347e-02 9.94924561e-01 3.25091987e-02
9.93499704e-01 5.75856196e-02 -9.81969326e-02 -4.67891428e-04 -5.54011067e-02 9.98155381e-01 2.48319916e-02 4.66891936e-02 9.94457357e-02 -1.92303534e-02 9.94856806e-01 3.37814334e-02
9.93247524e-01 5.89049244e-02 -9.99499043e-02 -2.10361214e-05 -5.71050525e-02 9.98152011e-01 2.07766940e-02 4.91094366e-02 1.00989025e-01 -1.49287550e-02 9.94775141e-01 3.52517578e-02
9.93058798e-01 6.00487034e-02 -1.01137641e-01 -3.80710390e-05 -5.86859246e-02 9.98141847e-01 1.63990618e-02 5.17175876e-02 1.01934434e-01 -1.03498799e-02 9.94736856e-01 3.65594691e-02
9.92877549e-01 6.11704203e-02 -1.02238667e-01 4.26347637e-06 -6.02274969e-02 9.98109091e-01 1.22872689e-02 5.41341709e-02 1.02796940e-01 -6.04218065e-03 9.94683588e-01 3.71909480e-02
9.92691599e-01 6.20944708e-02 -1.03479672e-01 1.40540085e-04 -6.16721478e-02 9.98069971e-01 7.27884526e-03 5.70511807e-02 1.03731908e-01 -8.43844505e-04 9.94604490e-01 3.81338072e-02
9.92490472e-01 6.29230686e-02 -1.04898609e-01 4.72800872e-04 -6.29426652e-02 9.98012297e-01 3.12691469e-03 5.95182791e-02 1.04886838e-01 3.49915219e-03 9.94477523e-01 3.89505327e-02
9.92363347e-01 6.37710408e-02 -1.05587361e-01 5.10861208e-04 -6.42176779e-02 9.97935643e-01 -8.32152579e-04 6.18464768e-02 1.05316304e-01 7.60635683e-03 9.94409230e-01 3.90994461e-02
9.92242364e-01 6.44632760e-02 -1.06301546e-01 5.07723467e-04 -6.54482814e-02 9.97839193e-01 -5.80015798e-03 6.47236788e-02 1.05697932e-01 1.27123962e-02 9.94316546e-01 3.94872062e-02
9.92116331e-01 6.51107020e-02 -1.07080863e-01 6.56935061e-04 -6.66787457e-02 9.97712606e-01 -1.11252055e-02 6.77551625e-02 1.06111531e-01 1.81774908e-02 9.94187648e-01 3.98402490e-02
9.91968590e-01 6.54585014e-02 -1.08230972e-01 9.50609364e-04 -6.76183357e-02 9.97576539e-01 -1.64037913e-02 7.07629686e-02 1.06894880e-01 2.35904158e-02 9.93989997e-01 4.03811334e-02
9.91741813e-01 6.58531853e-02 -1.10054117e-01 1.64412533e-03 -6.85844176e-02 9.97419868e-01 -2.12146783e-02 7.35497271e-02 1.08373071e-01 2.85874498e-02 9.93698748e-01 4.13778699e-02
9.91544343e-01 6.65505850e-02 -1.11405295e-01 2.22147011e-03 -6.98979517e-02 9.97204588e-01 -2.64114761e-02 7.64837683e-02 1.09336133e-01 3.39751183e-02 9.93423580e-01 4.19013698e-02
9.91374155e-01 6.72610564e-02 -1.12488045e-01 2.71579817e-03 -7.12813237e-02 9.96939637e-01 -3.21034724e-02 7.96316011e-02 1.09984440e-01 3.98448124e-02 9.93133870e-01 4.22516742e-02
9.91179899e-01 6.82390434e-02 -1.13605548e-01 3.29752313e-03 -7.28071997e-02 9.96676078e-01 -3.65547088e-02 8.21287571e-02 1.10733433e-01 4.45035515e-02 9.92852803e-01 4.19607238e-02
9.91004836e-01 6.91040237e-02 -1.14605498e-01 3.72493987e-03 -7.42647425e-02 9.96379632e-01 -4.13844163e-02 8.48495706e-02 1.11330713e-01 4.95232568e-02 9.92548279e-01 4.20573675e-02
9.90784259e-01 6.96936429e-02 -1.16145276e-01 4.31230932e-03 -7.53570044e-02 9.96136339e-01 -4.51001439e-02 8.70460789e-02 1.12553293e-01 5.34368217e-02 9.92207371e-01 4.24039669e-02
9.90533794e-01 7.05915678e-02 -1.17728280e-01 5.04939632e-03 -7.68000738e-02 9.95839134e-01 -4.90555945e-02 8.93708499e-02 1.13775473e-01 5.76327132e-02 9.91833032e-01 4.27782666e-02
9.90267936e-01 7.17173360e-02 -1.19274365e-01 5.71668288e-03 -7.84263814e-02 9.95534939e-01 -5.25346071e-02 9.13815743e-02 1.14974103e-01 6.13775411e-02 9.91470091e-01 4.29403412e-02
9.89962379e-01 7.27024298e-02 -1.21199079e-01 6.61327704e-03 -8.00338681e-02 9.95175190e-01 -5.67568437e-02 9.38200200e-02 1.16487906e-01 6.58871160e-02 9.91003831e-01 4.35089742e-02
9.89603029e-01 7.39520758e-02 -1.23358435e-01 7.71290177e-03 -8.19225160e-02 9.94780420e-01 -6.08366247e-02 9.61372612e-02 1.18215505e-01 7.03098843e-02 9.90495211e-01 4.42073140e-02
9.89155006e-01 7.55860633e-02 -1.25934448e-01 9.13408588e-03 -8.42540666e-02 9.94323493e-01 -6.49810432e-02 9.84786440e-02 1.20307865e-01 7.48867558e-02 9.89907604e-01 4.49620265e-02
9.88699847e-01 7.71032098e-02 -1.28561523e-01 1.05636627e-02 -8.65007792e-02 9.93846854e-01 -6.91851490e-02 1.00866417e-01 1.22436005e-01 7.95239561e-02 9.89284846e-01 4.59294990e-02
9.88162841e-01 7.89234942e-02 -1.31550874e-01 1.21337851e-02 -8.90819359e-02 9.93330678e-01 -7.32063458e-02 1.03303353e-01 1.24895752e-01 8.40585363e-02 9.88602192e-01 4.69017142e-02
9.87608757e-01 8.11617537e-02 -1.34320769e-01 1.35616388e-02 -9.21516537e-02 9.92707188e-01 -7.77239717e-02 1.05933284e-01 1.27032916e-01 8.91386857e-02 9.87884622e-01 4.78198788e-02
9.86994503e-01 8.35117458e-02 -1.37361027e-01 1.52279186e-02 -9.54137629e-02 9.92016027e-01 -8.24679922e-02 1.08678023e-01 1.29377227e-01 9.45015101e-02 9.87081620e-01 4.89647181e-02
9.86272161e-01 8.64422703e-02 -1.40695740e-01 1.69038594e-02 -9.91947395e-02 9.91319474e-01 -8.62934594e-02 1.11060145e-01 1.32014959e-01 9.90650339e-02 9.86284568e-01 5.01431089e-02
9.85607540e-01 8.93949522e-02 -1.43480573e-01 1.82626992e-02 -1.03050387e-01 9.90529117e-01 -9.07366833e-02 1.13741278e-01 1.34010219e-01 1.04216403e-01 9.85484286e-01 5.12454720e-02
9.84839866e-01 9.30548096e-02 -1.46395400e-01 1.97236659e-02 -1.07578670e-01 9.89683292e-01 -9.46272273e-02 1.16178514e-01 1.36079490e-01 1.08941598e-01 9.84689408e-01 5.24946141e-02
9.84138857e-01 9.64076205e-02 -1.48918264e-01 2.09757771e-02 -1.11868293e-01 9.88761419e-01 -9.91806848e-02 1.19139292e-01 1.37682780e-01 1.14266695e-01 9.83862700e-01 5.37081980e-02
9.83180948e-01 1.00375720e-01 -1.52578850e-01 2.29162704e-02 -1.16826024e-01 9.87801016e-01 -1.02962488e-01 1.21729284e-01 1.40382528e-01 1.19055829e-01 9.82912865e-01 5.52524798e-02
9.82245472e-01 1.04564641e-01 -1.55757627e-01 2.46639032e-02 -1.21927096e-01 9.86817331e-01 -1.06422755e-01 1.24066136e-01 1.42576180e-01 1.23524231e-01 9.82045364e-01 5.66123912e-02
9.81226901e-01 1.08912746e-01 -1.59160931e-01 2.64831654e-02 -1.27018800e-01 9.85961215e-01 -1.08384177e-01 1.25683967e-01 1.45122006e-01 1.26565782e-01 9.81284859e-01 5.80302075e-02
9.80236329e-01 1.13509647e-01 -1.62026580e-01 2.78377643e-02 -1.32437639e-01 9.84931577e-01 -1.11222229e-01 1.27846991e-01 1.46960222e-01 1.30482370e-01 9.80497952e-01 5.97985452e-02
9.79200030e-01 1.17569618e-01 -1.65363308e-01 2.95262936e-02 -1.37410754e-01 9.83916411e-01 -1.14136203e-01 1.30073189e-01 1.49284643e-01 1.34484742e-01 9.79605644e-01 6.15924915e-02
9.78172573e-01 1.22032143e-01 -1.68187033e-01 3.10151444e-02 -1.42912983e-01 9.82652979e-01 -1.18191726e-01 1.32946660e-01 1.50846222e-01 1.39647890e-01 9.78643490e-01 6.32914216e-02
9.77042258e-01 1.27207323e-01 -1.70900707e-01 3.23854575e-02 -1.49051832e-01 9.81310825e-01 -1.21708170e-01 1.35619861e-01 1.52224471e-01 1.44386960e-01 9.77741927e-01 6.50623152e-02
9.75797500e-01 1.32539862e-01 -1.73933376e-01 3.40013024e-02 -1.55513387e-01 9.79784881e-01 -1.25847141e-01 1.38595237e-01 1.53737450e-01 1.49850155e-01 9.76682637e-01 6.69165015e-02
9.74487266e-01 1.38019868e-01 -1.76990200e-01 3.56203995e-02 -1.62253867e-01 9.78062840e-01 -1.30641231e-01 1.41928267e-01 1.55076372e-01 1.56025414e-01 9.75503283e-01 6.88611771e-02
9.73149244e-01 1.43397232e-01 -1.80050582e-01 3.72659156e-02 -1.68823795e-01 9.76377330e-01 -1.34856193e-01 1.44978521e-01 1.56459222e-01 1.61631880e-01 9.74368959e-01 7.06621588e-02
9.71699199e-01 1.48977919e-01 -1.83321199e-01 3.89515172e-02 -1.75626123e-01 9.74611404e-01 -1.38882929e-01 1.48062235e-01 1.57976361e-01 1.67148281e-01 9.73192737e-01 7.25311414e-02
9.70229263e-01 1.55086569e-01 -1.86020914e-01 4.02693441e-02 -1.82934448e-01 9.72634255e-01 -1.43241143e-01 1.51382574e-01 1.58715449e-01 1.73006231e-01 9.72048092e-01 7.41600646e-02
9.68864795e-01 1.60531355e-01 -1.88496877e-01 4.15027389e-02 -1.89639589e-01 9.70616703e-01 -1.48122918e-01 1.55042774e-01 1.59179763e-01 1.79257401e-01 9.70838688e-01 7.56434013e-02
9.67333804e-01 1.66096924e-01 -1.91513807e-01 4.30377632e-02 -1.96573473e-01 9.68488607e-01 -1.52935222e-01 1.58625140e-01 1.60076776e-01 1.85585796e-01 9.69501190e-01 7.76995550e-02
9.65707556e-01 1.71334446e-01 -1.95073687e-01 4.48144463e-02 -2.03280128e-01 9.66357925e-01 -1.57575199e-01 1.62062127e-01 1.61512855e-01 1.91826018e-01 9.68047270e-01 8.03007563e-02
9.63884911e-01 1.77263602e-01 -1.98755592e-01 4.66314229e-02 -2.10718628e-01 9.64007555e-01 -1.62134228e-01 1.65292508e-01 1.62861301e-01 1.98160096e-01 9.66544314e-01 8.33263450e-02
9.61864416e-01 1.83574987e-01 -2.02774175e-01 4.86397204e-02 -2.18499926e-01 9.61636066e-01 -1.65874163e-01 1.68178455e-01 1.64544520e-01 2.03854442e-01 9.65073889e-01 8.64042472e-02
9.59895639e-01 1.89174868e-01 -2.06914256e-01 5.06634414e-02 -2.25778773e-01 9.59142802e-01 -1.70497512e-01 1.71600011e-01 1.66206389e-01 2.10376518e-01 9.63387874e-01 8.99641501e-02
9.57803187e-01 1.94696266e-01 -2.11439574e-01 5.29112388e-02 -2.33016110e-01 9.56664396e-01 -1.74634390e-01 1.74746134e-01 1.68275956e-01 2.16534063e-01 9.61662732e-01 9.37130546e-02
9.55739942e-01 2.00199980e-01 -2.15595392e-01 5.49519458e-02 -2.40145775e-01 9.54178863e-01 -1.78530565e-01 1.77790418e-01 1.69974650e-01 2.22402974e-01 9.60023213e-01 9.73641118e-02
9.53442180e-01 2.06221002e-01 -2.20048204e-01 5.71010365e-02 -2.47838834e-01 9.51530257e-01 -1.82117039e-01 1.80749124e-01 1.71826052e-01 2.28174401e-01 9.58337829e-01 1.01376490e-01
9.51140131e-01 2.12295907e-01 -2.24194771e-01 5.92836844e-02 -2.55381748e-01 9.49014402e-01 -1.84803482e-01 1.83250412e-01 1.73530941e-01 2.33029084e-01 9.56861325e-01 1.04943133e-01
9.48903988e-01 2.17926262e-01 -2.28231768e-01 6.14005449e-02 -2.62554160e-01 9.46447140e-01 -1.87892355e-01 1.85815846e-01 1.75062529e-01 2.38214817e-01 9.55304105e-01 1.08854356e-01
9.46583002e-01 2.23694116e-01 -2.32254071e-01 6.34866660e-02 -2.69742731e-01 9.43960920e-01 -1.90202936e-01 1.87929011e-01 1.76691377e-01 2.42691528e-01 9.53876381e-01 1.12599287e-01
9.44389300e-01 2.29366959e-01 -2.35627094e-01 6.51386335e-02 -2.76813695e-01 9.41308788e-01 -1.93164369e-01 1.90576599e-01 1.77492226e-01 2.47646969e-01 9.52452971e-01 1.16368703e-01
9.42128101e-01 2.34903996e-01 -2.39197007e-01 6.69787754e-02 -2.83671277e-01 9.38816433e-01 -1.95332447e-01 1.92647438e-01 1.78677611e-01 2.51881300e-01 9.51120005e-01 1.20094339e-01
9.39820266e-01 2.39977799e-01 -2.43205702e-01 6.90211640e-02 -2.90107938e-01 9.36499268e-01 -1.96994825e-01 1.94352475e-01 1.80487477e-01 2.55695411e-01 9.49759614e-01 1.24086690e-01
9.37478465e-01 2.45152693e-01 -2.47052195e-01 7.11318628e-02 -2.96573018e-01 9.34174477e-01 -1.98400998e-01 1.95878094e-01 1.82151220e-01 2.59265460e-01 9.48473241e-01 1.27883625e-01
9.35048843e-01 2.50284317e-01 -2.51081467e-01 7.33062184e-02 -3.02816030e-01 9.32142003e-01 -1.98530122e-01 1.96640776e-01 1.84354507e-01 2.61666642e-01 9.47387511e-01 1.31902950e-01
9.32561350e-01 2.55417486e-01 -2.55130831e-01 7.55941999e-02 -3.09043880e-01 9.30108040e-01 -1.98472665e-01 1.97310250e-01 1.86605750e-01 2.63934346e-01 9.46317097e-01 1.35699489e-01
9.30381299e-01 2.59835849e-01 -2.58604998e-01 7.75663001e-02 -3.14367135e-01 9.28381513e-01 -1.98196094e-01 1.97789172e-01 1.88585535e-01 2.65694640e-01 9.45431656e-01 1.39017455e-01
9.28083192e-01 2.64910457e-01 -2.61695748e-01 7.94592869e-02 -3.20014450e-01 9.26754690e-01 -1.96766684e-01 1.97686178e-01 1.90402097e-01 2.66362051e-01 9.44879613e-01 1.41819940e-01
9.25818458e-01 2.69916634e-01 -2.64586232e-01 8.13855873e-02 -3.25351644e-01 9.25393328e-01 -1.94407271e-01 1.97171918e-01 1.92372457e-01 2.66069179e-01 9.44562999e-01 1.44239892e-01
9.23576264e-01 2.75107116e-01 -2.67064862e-01 8.31566057e-02 -3.30700849e-01 9.24045863e-01 -1.91773102e-01 1.96624763e-01 1.94021908e-01 2.65435443e-01 9.44403919e-01 1.46012843e-01
9.21281513e-01 2.80516803e-01 -2.69353632e-01 8.47387592e-02 -3.36170155e-01 9.22659272e-01 -1.88918696e-01 1.96027113e-01 1.95526613e-01 2.64595736e-01 9.44329260e-01 1.47704010e-01
9.19319768e-01 2.85662101e-01 -2.70645456e-01 8.60383619e-02 -3.40822553e-01 9.21795279e-01 -1.84754500e-01 1.94800726e-01 1.96702195e-01 2.62090333e-01 9.44783675e-01 1.48670747e-01
9.17306752e-01 2.90513451e-01 -2.72306526e-01 8.76092323e-02 -3.45342585e-01 9.20879070e-01 -1.80889426e-01 1.93672032e-01 1.98210416e-01 2.59969933e-01 9.45054253e-01 1.49677099e-01
9.15228198e-01 2.95615801e-01 -2.73804948e-01 8.92033168e-02 -3.49802949e-01 9.20185631e-01 -1.75775314e-01 1.91857602e-01 1.99989271e-01 2.56652116e-01 9.45586160e-01 1.50467061e-01
9.13017294e-01 3.01370637e-01 -2.74910341e-01 9.05471354e-02 -3.54707774e-01 9.19357642e-01 -1.70189930e-01 1.89775184e-01 2.01450526e-01 2.52899003e-01 9.46286943e-01 1.51508301e-01
9.11006580e-01 3.06863182e-01 -2.75504068e-01 9.14906780e-02 -3.59182560e-01 9.18659205e-01 -1.64480453e-01 1.87701813e-01 2.02621204e-01 2.48798862e-01 9.47123509e-01 1.52520931e-01
9.09197391e-01 3.11952403e-01 -2.75764880e-01 9.21599733e-02 -3.63309901e-01 9.17921620e-01 -1.59456954e-01 1.85922566e-01 2.03387411e-01 2.45165809e-01 9.47906331e-01 1.53879773e-01
9.07231824e-01 3.17547050e-01 -2.75852806e-01 9.26978714e-02 -3.67998287e-01 9.16839449e-01 -1.54865784e-01 1.84412415e-01 2.03735411e-01 2.42012390e-01 9.48641644e-01 1.55332133e-01
9.05545067e-01 3.22370423e-01 -2.75800518e-01 9.30776312e-02 -3.71918074e-01 9.15988547e-01 -1.50474817e-01 1.82995568e-01 2.04121332e-01 2.38836796e-01 9.49363227e-01 1.57015594e-01
9.04280161e-01 3.26527850e-01 -2.75059014e-01 9.31016855e-02 -3.75011861e-01 9.15424738e-01 -1.46165619e-01 1.81496163e-01 2.04068532e-01 2.35324931e-01 9.50251168e-01 1.58497651e-01
9.03417393e-01 3.29687767e-01 -2.74123033e-01 9.30278129e-02 -3.77169542e-01 9.15132604e-01 -1.42394303e-01 1.80275531e-01 2.03913124e-01 2.32032231e-01 9.51093834e-01 1.60174429e-01
9.02360704e-01 3.33028958e-01 -2.73564107e-01 9.30444828e-02 -3.79596361e-01 9.14717423e-01 -1.38561749e-01 1.79040594e-01 2.04088636e-01 2.28876513e-01 9.51820542e-01 1.62315600e-01
9.01349007e-01 3.36288279e-01 -2.72911371e-01 9.29335938e-02 -3.81888466e-01 9.14358679e-01 -1.34573969e-01 1.77632338e-01 2.04283082e-01 2.25519719e-01 9.52579799e-01 1.64609181e-01
9.00404687e-01 3.39467208e-01 -2.72091772e-01 9.25800277e-02 -3.84097858e-01 9.13988880e-01 -1.30743880e-01 1.76294365e-01 2.04305441e-01 2.22232167e-01 9.53347361e-01 1.67357752e-01
8.99399852e-01 3.42830391e-01 -2.71196861e-01 9.20808268e-02 -3.86452687e-01 9.13555185e-01 -1.26775267e-01 1.74801364e-01 2.04290742e-01 2.18826304e-01 9.54138024e-01 1.69996007e-01
8.98367050e-01 3.45819690e-01 -2.70824395e-01 9.19369200e-02 -3.88642347e-01 9.13112490e-01 -1.23221059e-01 1.73595945e-01 2.04680718e-01 2.15951469e-01 9.54709278e-01 1.72670290e-01
8.97705587e-01 3.48261406e-01 -2.69887321e-01 9.21085489e-02 -3.90049755e-01 9.13045795e-01 -1.19202637e-01 1.72061679e-01 2.04905658e-01 2.12278253e-01 9.55484520e-01 1.74093847e-01
8.97290605e-01 3.50228487e-01 -2.68719133e-01 9.28244486e-02 -3.90900025e-01 9.13214244e-01 -1.15054427e-01 1.70497983e-01 2.05102662e-01 2.08279481e-01 9.56321874e-01 1.74758118e-01
8.96927495e-01 3.51848574e-01 -2.67813449e-01 9.39664644e-02 -3.91455017e-01 9.13492578e-01 -1.10882231e-01 1.68959949e-01 2.05631699e-01 2.04290146e-01 9.57068523e-01 1.75667046e-01
8.97223427e-01 3.52418689e-01 -2.66066895e-01 9.47960030e-02 -3.91002567e-01 9.14052731e-01 -1.07820533e-01 1.67998632e-01 2.05201050e-01 2.00771868e-01 9.57905108e-01 1.77118693e-01
8.98096742e-01 3.52173523e-01 -2.63432101e-01 9.52495630e-02 -3.89695961e-01 9.14883324e-01 -1.05480867e-01 1.67360308e-01 2.03861927e-01 1.97390372e-01 9.58893283e-01 1.78468624e-01
8.99491730e-01 3.51105333e-01 -2.60077058e-01 9.54327302e-02 -3.87485167e-01 9.16051654e-01 -1.03465947e-01 1.66851432e-01 2.01916445e-01 1.93842690e-01 9.60027968e-01 1.80098382e-01
9.01230155e-01 3.48999267e-01 -2.56873731e-01 9.58342317e-02 -3.84327906e-01 9.17573206e-01 -1.01744616e-01 1.66437885e-01 2.00191544e-01 1.90418976e-01 9.61073817e-01 1.81967364e-01
9.02970195e-01 3.46758316e-01 -2.53779269e-01 9.65289871e-02 -3.81016278e-01 9.19171250e-01 -9.97561497e-02 1.65807547e-01 1.98675234e-01 1.86770782e-01 9.62103792e-01 1.83990754e-01
9.04706757e-01 3.44241067e-01 -2.51006259e-01 9.75673118e-02 -3.77581091e-01 9.20760129e-01 -9.81517671e-02 1.65275117e-01 1.97328580e-01 1.83573708e-01 9.62995860e-01 1.85972111e-01
9.06721748e-01 3.40909874e-01 -2.48267100e-01 9.87755177e-02 -3.73487590e-01 9.22519783e-01 -9.72872325e-02 1.65051433e-01 1.95865021e-01 1.80937054e-01 9.63793356e-01 1.87993986e-01
9.08842758e-01 3.37241518e-01 -2.45506425e-01 1.00029340e-01 -3.69115167e-01 9.24338818e-01 -9.67071682e-02 1.64992735e-01 1.94317330e-01 1.78511679e-01 9.64558629e-01 1.90498721e-01
9.11016729e-01 3.33091544e-01 -2.43102805e-01 1.01737336e-01 -3.64382313e-01 9.26247610e-01 -9.63917883e-02 1.65083871e-01 1.93065996e-01 1.76396809e-01 9.65198792e-01 1.92699732e-01
9.13180029e-01 3.29143507e-01 -2.40348198e-01 1.03501783e-01 -3.59805555e-01 9.28063772e-01 -9.61148952e-02 1.65164042e-01 1.91422758e-01 1.74248727e-01 9.65916029e-01 1.94993892e-01
9.15021977e-01 3.25210190e-01 -2.38691462e-01 1.06168730e-01 -3.55424387e-01 9.29793207e-01 -9.57002415e-02 1.65004797e-01 1.90810915e-01 1.72404493e-01 9.66367907e-01 1.97573889e-01
9.17064053e-01 3.20660309e-01 -2.37004162e-01 1.08937327e-01 -3.50473918e-01 9.31682631e-01 -9.55818954e-02 1.64947806e-01 1.90163260e-01 1.70718403e-01 9.66794780e-01 2.00314039e-01
9.19234201e-01 3.15402332e-01 -2.35648816e-01 1.12126116e-01 -3.44853885e-01 9.33796535e-01 -9.53953752e-02 1.64835672e-01 1.89960037e-01 1.68955008e-01 9.67144461e-01 2.03080076e-01
9.21183537e-01 3.10344063e-01 -2.34750751e-01 1.15679290e-01 -3.39470396e-01 9.35811839e-01 -9.49553999e-02 1.64484419e-01 1.90213591e-01 1.67162198e-01 9.67406125e-01 2.06008580e-01
9.23395885e-01 3.04826338e-01 -2.33284101e-01 1.18986891e-01 -3.33574296e-01 9.37947808e-01 -9.47766497e-02 1.64284739e-01 1.89917794e-01 1.65333857e-01 9.67778400e-01 2.09085312e-01
9.25256797e-01 2.99466130e-01 -2.32852954e-01 1.23019043e-01 -3.27981725e-01 9.39955469e-01 -9.44047699e-02 1.63897169e-01 1.90600281e-01 1.63720074e-01 9.67918576e-01 2.12466939e-01
9.27001012e-01 2.94013936e-01 -2.32863710e-01 1.27503647e-01 -3.22350127e-01 9.41949213e-01 -9.39289806e-02 1.63423008e-01 1.91729256e-01 1.62135818e-01 9.67962281e-01 2.16004607e-01
9.28932803e-01 2.88294260e-01 -2.32316147e-01 1.31771718e-01 -3.16448129e-01 9.43946926e-01 -9.39432135e-02 1.63165786e-01 1.92210726e-01 1.60782863e-01 9.68092424e-01 2.19792593e-01
9.30917712e-01 2.82452522e-01 -2.31545452e-01 1.35946805e-01 -3.10385453e-01 9.45956265e-01 -9.39578801e-02 1.62922520e-01 1.92493144e-01 1.59335312e-01 9.68275606e-01 2.23700967e-01
9.33125028e-01 2.76327739e-01 -2.30045910e-01 1.39880697e-01 -3.03942569e-01 9.48031182e-01 -9.41075171e-02 1.62688436e-01 1.92086091e-01 1.57734745e-01 9.68618438e-01 2.27382209e-01
9.35462269e-01 2.70090026e-01 -2.27952080e-01 1.43296927e-01 -2.97308895e-01 9.50108757e-01 -9.43455898e-02 1.62504541e-01 1.91097390e-01 1.56028835e-01 9.69090175e-01 2.30456242e-01
9.38164995e-01 2.63032371e-01 -2.25079788e-01 1.46220913e-01 -2.89821538e-01 9.52345456e-01 -9.50891270e-02 1.62636840e-01 1.89342127e-01 1.54442170e-01 9.69688698e-01 2.33521429e-01
9.40998669e-01 2.55882245e-01 -2.21463881e-01 1.48511665e-01 -2.82118410e-01 9.54586989e-01 -9.57767167e-02 1.62875151e-01 1.86898920e-01 1.52604715e-01 9.70453259e-01 2.36596549e-01
9.43783844e-01 2.48688680e-01 -2.17776231e-01 1.50522698e-01 -2.74361754e-01 9.56780790e-01 -9.64178452e-02 1.63166643e-01 1.84386045e-01 1.50746986e-01 9.71223975e-01 2.39714717e-01
9.46463083e-01 2.41695412e-01 -2.13989570e-01 1.52247701e-01 -2.66796172e-01 9.58857293e-01 -9.70196247e-02 1.63564307e-01 1.81736220e-01 1.48916998e-01 9.72005462e-01 2.42550765e-01
9.49482838e-01 2.34552353e-01 -2.08490053e-01 1.52705332e-01 -2.58781429e-01 9.61016391e-01 -9.73656113e-02 1.63892048e-01 1.77524978e-01 1.46400246e-01 9.73165348e-01 2.44730989e-01
9.52115426e-01 2.28017717e-01 -2.03677964e-01 1.53234665e-01 -2.51503514e-01 9.62912991e-01 -9.76986462e-02 1.64250473e-01 1.73847089e-01 1.44246037e-01 9.74150492e-01 2.47101486e-01
9.54306889e-01 2.22396120e-01 -1.99596729e-01 1.53946260e-01 -2.45186236e-01 9.64556695e-01 -9.75424953e-02 1.64434485e-01 1.70829244e-01 1.42023776e-01 9.75010518e-01 2.49620714e-01
9.56318391e-01 2.16861998e-01 -1.96027143e-01 1.54469253e-01 -2.38962052e-01 9.66181949e-01 -9.69027750e-02 1.64431126e-01 1.68383311e-01 1.39512883e-01 9.75798221e-01 2.52214387e-01
9.58206179e-01 2.11693888e-01 -1.92424729e-01 1.54895374e-01 -2.33161282e-01 9.67635904e-01 -9.65254893e-02 1.64610402e-01 1.65763175e-01 1.37357246e-01 9.76552369e-01 2.55145697e-01
9.60124916e-01 2.06840459e-01 -1.88089931e-01 1.54554415e-01 -2.27578398e-01 9.69007383e-01 -9.60906751e-02 1.64856960e-01 1.62385054e-01 1.35064199e-01 9.77439327e-01 2.57414961e-01
9.61918372e-01 2.02453924e-01 -1.83646665e-01 1.53695330e-01 -2.22445666e-01 9.70254522e-01 -9.55241760e-02 1.65127630e-01 1.58844719e-01 1.32737820e-01 9.78339358e-01 2.60114971e-01
9.63550035e-01 1.98567483e-01 -1.79284501e-01 1.52409358e-01 -2.17865741e-01 9.71335348e-01 -9.50939220e-02 1.65501000e-01 1.55262784e-01 1.30687656e-01 9.79189996e-01 2.62730878e-01
9.65017299e-01 1.95497154e-01 -1.74708718e-01 1.50471193e-01 -2.13978566e-01 9.72313265e-01 -9.39190806e-02 1.65530364e-01 1.51510664e-01 1.28017411e-01 9.80130066e-01 2.66072835e-01
9.66388539e-01 1.92528818e-01 -1.70371402e-01 1.48188374e-01 -2.10290450e-01 9.73201081e-01 -9.30494853e-02 1.65754288e-01 1.47890904e-01 1.25749392e-01 9.80976165e-01 2.69461069e-01
9.67629115e-01 1.89637999e-01 -1.66528867e-01 1.45804500e-01 -2.06844548e-01 9.73966649e-01 -9.27627128e-02 1.66314989e-01 1.44602212e-01 1.24205454e-01 9.81662881e-01 2.73185644e-01
9.68657435e-01 1.87254581e-01 -1.63214653e-01 1.43412165e-01 -2.03957717e-01 9.74620151e-01 -9.22895574e-02 1.66755149e-01 1.41790641e-01 1.22685816e-01 9.82263918e-01 2.77176167e-01
9.69472609e-01 1.85444762e-01 -1.60417221e-01 1.40885438e-01 -2.01719454e-01 9.75130773e-01 -9.18137862e-02 1.67158974e-01 1.39401383e-01 1.21370181e-01 9.82769235e-01 2.81733286e-01
9.70206046e-01 1.84188184e-01 -1.57402517e-01 1.37880480e-01 -2.00092041e-01 9.75459715e-01 -9.18808727e-02 1.67942474e-01 1.36616439e-01 1.20638321e-01 9.83250360e-01 2.86491118e-01
9.70739455e-01 1.83889372e-01 -1.54434885e-01 1.34546012e-01 -1.99438030e-01 9.75585781e-01 -9.19639260e-02 1.68759122e-01 1.33753293e-01 1.20073160e-01 9.83713034e-01 2.90933739e-01
9.71177924e-01 1.83848056e-01 -1.51702998e-01 1.30933817e-01 -1.99059243e-01 9.75665310e-01 -9.19409257e-02 1.69647007e-01 1.31108196e-01 1.19488846e-01 9.84140173e-01 2.95156817e-01
9.71729770e-01 1.83626787e-01 -1.48401063e-01 1.26732401e-01 -1.98430468e-01 9.75797106e-01 -9.19013210e-02 1.70539400e-01 1.27933793e-01 1.18750514e-01 9.84647150e-01 2.98514071e-01
9.72196210e-01 1.83730852e-01 -1.45182429e-01 1.22470967e-01 -1.98153517e-01 9.75848073e-01 -9.19577388e-02 1.71566005e-01 1.24780532e-01 1.18169345e-01 9.85121615e-01 3.01641020e-01
9.72674338e-01 1.83706908e-01 -1.41974656e-01 1.18093314e-01 -1.97788805e-01 9.75888167e-01 -9.23168741e-02 1.72774926e-01 1.21592151e-01 1.17875227e-01 9.85555454e-01 3.04458253e-01
9.73063710e-01 1.83509503e-01 -1.39540797e-01 1.13873521e-01 -1.97351508e-01 9.75935850e-01 -9.27474024e-02 1.74123444e-01 1.19162851e-01 1.17787693e-01 9.85862588e-01 3.06975725e-01
9.73536336e-01 1.82916044e-01 -1.37000083e-01 1.09478550e-01 -1.96499281e-01 9.76070367e-01 -9.31402397e-02 1.75471818e-01 1.16684896e-01 1.17595803e-01 9.86181826e-01 3.09580913e-01
9.73732715e-01 1.82958705e-01 -1.35539611e-01 1.05289424e-01 -1.96359332e-01 9.76105346e-01 -9.30687182e-02 1.76673099e-01 1.15273228e-01 1.17238504e-01 9.86390345e-01 3.11795032e-01
9.73850260e-01 1.82948809e-01 -1.34705916e-01 1.01290005e-01 -1.96260816e-01 9.76116398e-01 -9.31605331e-02 1.77971597e-01 1.14445068e-01 1.17161883e-01 9.86495878e-01 3.13900929e-01
9.73966491e-01 1.82637756e-01 -1.34286871e-01 9.71813584e-02 -1.95898724e-01 9.76189513e-01 -9.31565250e-02 1.79277523e-01 1.14075561e-01 1.17037947e-01 9.86553356e-01 3.15451797e-01
9.73959461e-01 1.82324602e-01 -1.34762558e-01 9.31997258e-02 -1.95623976e-01 9.76258933e-01 -9.30063318e-02 1.80532937e-01 1.14605833e-01 1.16947172e-01 9.86502655e-01 3.16322541e-01
9.73894711e-01 1.81807889e-01 -1.35923403e-01 8.93943708e-02 -1.95212934e-01 9.76366402e-01 -9.27412079e-02 1.81727187e-01 1.15849984e-01 1.16854166e-01 9.86368341e-01 3.17214574e-01
9.73661635e-01 1.81508287e-01 -1.37978317e-01 8.59972926e-02 -1.95136972e-01 9.76397524e-01 -9.25732101e-02 1.82948793e-01 1.17918910e-01 1.17059639e-01 9.86098758e-01 3.18130422e-01
9.73318490e-01 1.81647306e-01 -1.40198292e-01 8.24354187e-02 -1.95509883e-01 9.76347285e-01 -9.23155660e-02 1.84125839e-01 1.20113377e-01 1.17262588e-01 9.85809708e-01 3.19053055e-01
9.73127106e-01 1.81399785e-01 -1.41838012e-01 7.84836367e-02 -1.95417508e-01 9.76396365e-01 -9.19917980e-02 1.85302753e-01 1.21802854e-01 1.17237329e-01 9.85605407e-01 3.19698641e-01
9.73055720e-01 1.80587867e-01 -1.43355660e-01 7.43024467e-02 -1.94748915e-01 9.76556378e-01 -9.17108416e-02 1.86599086e-01 1.23433045e-01 1.17158108e-01 9.85411980e-01 3.20336231e-01
9.72826896e-01 1.80035094e-01 -1.45586798e-01 7.04961348e-02 -1.94409326e-01 9.76661854e-01 -9.13074765e-02 1.87840554e-01 1.25750546e-01 1.17129788e-01 9.85122299e-01 3.20641653e-01
9.72679753e-01 1.79321454e-01 -1.47438849e-01 6.63339681e-02 -1.93845455e-01 9.76823325e-01 -9.07774485e-02 1.89066762e-01 1.27743387e-01 1.16877729e-01 9.84895776e-01 3.20972614e-01
9.72221977e-01 1.79165499e-01 -1.50613311e-01 6.28168373e-02 -1.93957607e-01 9.76877995e-01 -8.99453671e-02 1.90094708e-01 1.31015749e-01 1.16659458e-01 9.84491659e-01 3.21299099e-01
9.71774893e-01 1.79120770e-01 -1.53523623e-01 5.89501160e-02 -1.94152672e-01 9.76911626e-01 -8.91555188e-02 1.91154988e-01 1.34009435e-01 1.16446116e-01 9.84113865e-01 3.21645382e-01
9.71463193e-01 1.78604666e-01 -1.56076499e-01 5.47469775e-02 -1.93847387e-01 9.77031652e-01 -8.85023401e-02 1.92310816e-01 1.36684777e-01 1.16231789e-01 9.83771184e-01 3.21905968e-01
9.71018322e-01 1.78624055e-01 -1.58799090e-01 5.06078114e-02 -1.94087219e-01 9.77050254e-01 -8.77681194e-02 1.93448768e-01 1.39477224e-01 1.16045321e-01 9.83401192e-01 3.22222042e-01
9.70562270e-01 1.78151602e-01 -1.62083877e-01 4.66947378e-02 -1.93835698e-01 9.77202879e-01 -8.66174381e-02 1.94463853e-01 1.42957822e-01 1.15485257e-01 9.82967198e-01 3.21972330e-01
9.70104079e-01 1.77459071e-01 -1.65549379e-01 4.27319296e-02 -1.93387158e-01 9.77387553e-01 -8.55292727e-02 1.95551355e-01 1.46627983e-01 1.14987424e-01 9.82484782e-01 3.21667520e-01
9.69641169e-01 1.76311538e-01 -1.69441710e-01 3.88360945e-02 -1.92512794e-01 9.77661107e-01 -8.43672092e-02 1.96645542e-01 1.50781683e-01 1.14425619e-01 9.81921521e-01 3.21277500e-01
9.69243952e-01 1.75026692e-01 -1.73008963e-01 3.47418558e-02 -1.91449423e-01 9.77972106e-01 -8.31743001e-02 1.97739214e-01 1.54640238e-01 1.13738656e-01 9.81401107e-01 3.20785964e-01
9.68821680e-01 1.74143655e-01 -1.76235103e-01 3.03140367e-02 -1.90757096e-01 9.78201435e-01 -8.20606297e-02 1.98845576e-01 1.58103106e-01 1.13120214e-01 9.80920732e-01 3.20301107e-01
9.68323845e-01 1.73524169e-01 -1.79551054e-01 2.60248830e-02 -1.90355980e-01 9.78361923e-01 -8.10728674e-02 1.99990143e-01 1.61597821e-01 1.12683405e-01 9.80401392e-01 3.19608473e-01
9.67913122e-01 1.73077013e-01 -1.82178004e-01 2.13973622e-02 -1.90014180e-01 9.78524356e-01 -7.99057006e-02 2.01004438e-01 1.64435788e-01 1.11958180e-01 9.80012482e-01 3.19010158e-01
9.67336620e-01 1.72513849e-01 -1.85739491e-01 1.73838036e-02 -1.89655212e-01 9.78689481e-01 -7.87277887e-02 2.01998423e-01 1.68199659e-01 1.11382735e-01 9.79439131e-01 3.18459351e-01
9.66702860e-01 1.71838109e-01 -1.89624910e-01 1.34256032e-02 -1.89222832e-01 9.78862663e-01 -7.76071735e-02 2.03002244e-01 1.72280877e-01 1.10904435e-01 9.78783829e-01 3.18109570e-01
9.65783812e-01 1.71060623e-01 -1.94936621e-01 1.03768206e-02 -1.88841779e-01 9.79025455e-01 -7.64737631e-02 2.03947780e-01 1.77766262e-01 1.10669297e-01 9.77829091e-01 3.18022886e-01
9.64758338e-01 1.70379767e-01 -2.00530542e-01 7.55922404e-03 -1.88601484e-01 9.79152358e-01 -7.54349277e-02 2.04906602e-01 1.83497358e-01 1.10596827e-01 9.76778046e-01 3.17532172e-01
9.63564820e-01 1.69560054e-01 -2.06863589e-01 5.06310963e-03 -1.88306341e-01 9.79285764e-01 -7.44332080e-02 2.05848974e-01 1.89957662e-01 1.10674945e-01 9.75533357e-01 3.17154496e-01
9.62043004e-01 1.69188888e-01 -2.14123157e-01 3.15949972e-03 -1.88567280e-01 9.79312002e-01 -7.34204444e-02 2.06708258e-01 1.97271447e-01 1.11010244e-01 9.74042531e-01 3.16870506e-01
9.60552632e-01 1.68498202e-01 -2.21240261e-01 1.15140915e-03 -1.88483944e-01 9.79402900e-01 -7.24145649e-02 2.07517261e-01 2.04481620e-01 1.11258241e-01 9.72526061e-01 3.16787020e-01
9.59006388e-01 1.67939772e-01 -2.28261353e-01 -8.47566138e-04 -1.88521552e-01 9.79468984e-01 -7.14157931e-02 2.08269873e-01 2.11581350e-01 1.11520387e-01 9.70976106e-01 3.17026845e-01
9.57060471e-01 1.67998423e-01 -2.36245798e-01 -2.17421960e-03 -1.89274511e-01 9.79404313e-01 -7.03024598e-02 2.08894406e-01 2.19569421e-01 1.11999008e-01 9.69145828e-01 3.17642849e-01
9.55220939e-01 1.67620675e-01 -2.43837275e-01 -3.51632886e-03 -1.89570920e-01 9.79414425e-01 -6.93573266e-02 2.09443670e-01 2.27191970e-01 1.12476021e-01 9.67331977e-01 3.18321863e-01
9.53207542e-01 1.67657386e-01 -2.51568385e-01 -4.74982361e-03 -1.90312383e-01 9.79336012e-01 -6.84274657e-02 2.09878317e-01 2.34897548e-01 1.13102153e-01 9.65416591e-01 3.19294298e-01
9.51027422e-01 1.67600224e-01 -2.59725408e-01 -5.60778615e-03 -1.91025168e-01 9.79257672e-01 -6.75570127e-02 2.10218582e-01 2.43015450e-01 1.13862655e-01 9.63315622e-01 3.20436162e-01
9.48657136e-01 1.67771174e-01 -2.68146929e-01 -6.05512466e-03 -1.91973046e-01 9.79141350e-01 -6.65486131e-02 2.10294237e-01 2.51388717e-01 1.14608788e-01 9.61075851e-01 3.22199718e-01
9.46312119e-01 1.68182293e-01 -2.76058643e-01 -6.79572343e-03 -1.93122987e-01 9.78979709e-01 -6.55928895e-02 2.10277491e-01 2.59224131e-01 1.15384604e-01 9.58899134e-01 3.24245823e-01
9.44194862e-01 1.68013799e-01 -2.83315546e-01 -7.81185941e-03 -1.93624297e-01 9.78936923e-01 -6.47478140e-02 2.10160501e-01 2.66469409e-01 1.15991315e-01 9.56837672e-01 3.26879946e-01
9.42420244e-01 1.67521743e-01 -2.89449123e-01 -9.21754369e-03 -1.93814719e-01 9.78916585e-01 -6.44845779e-02 2.10130593e-01 2.72543862e-01 1.16871057e-01 9.55017939e-01 3.29990921e-01
9.40776838e-01 1.66355788e-01 -2.95406448e-01 -1.06154122e-02 -1.93324077e-01 9.79022652e-01 -6.43473986e-02 2.10012983e-01 2.78504908e-01 1.17645704e-01 9.53201354e-01 3.33623287e-01
9.39353407e-01 1.64853590e-01 -3.00730314e-01 -1.22415739e-02 -1.92410576e-01 9.79210496e-01 -6.42272538e-02 2.09793494e-01 2.83890037e-01 1.18195767e-01 9.51543234e-01 3.37598781e-01
9.38383652e-01 1.63364977e-01 -3.04546070e-01 -1.42338430e-02 -1.91403306e-01 9.79397029e-01 -6.43924399e-02 2.09593558e-01 2.87751903e-01 1.18715917e-01 9.50317684e-01 3.41169885e-01
9.37480183e-01 1.62001700e-01 -3.08036689e-01 -1.59784476e-02 -1.90505889e-01 9.79556940e-01 -6.46205906e-02 2.09288934e-01 2.91270691e-01 1.19263310e-01 9.49176437e-01 3.45001365e-01
9.36758546e-01 1.60749926e-01 -3.10874728e-01 -1.75729436e-02 -1.89650836e-01 9.79705736e-01 -6.48792808e-02 2.08791914e-01 2.94136261e-01 1.19733854e-01 9.48233075e-01 3.49077873e-01
9.36026927e-01 1.59712484e-01 -3.13601351e-01 -1.86685839e-02 -1.88963563e-01 9.79830651e-01 -6.49987894e-02 2.08025933e-01 2.96894930e-01 1.20099822e-01 9.47326664e-01 3.53876579e-01
9.35524214e-01 1.58532438e-01 -3.15693285e-01 -1.98199502e-02 -1.88039438e-01 9.80001332e-01 -6.51054313e-02 2.07026606e-01 2.99058358e-01 1.20270467e-01 9.46624265e-01 3.59439783e-01
9.35103883e-01 1.57031128e-01 -3.17682775e-01 -2.10543063e-02 -1.86781589e-01 9.80231334e-01 -6.52640381e-02 2.05949569e-01 3.01153946e-01 1.20365916e-01 9.45947577e-01 3.65435014e-01
9.34925805e-01 1.55126043e-01 -3.19139515e-01 -2.24922978e-02 -1.85012162e-01 9.80559734e-01 -6.53701147e-02 2.04705884e-01 3.02794581e-01 1.20160861e-01 9.45449777e-01 3.71637337e-01
9.34707946e-01 1.53587241e-01 -3.20518973e-01 -2.39537344e-02 -1.83596372e-01 9.80822777e-01 -6.54158475e-02 2.03333871e-01 3.04325092e-01 1.19990795e-01 9.44979861e-01 3.78268131e-01
9.34582370e-01 1.52188413e-01 -3.21550678e-01 -2.55696232e-02 -1.82306249e-01 9.81055008e-01 -6.55414738e-02 2.01836421e-01 3.05484067e-01 1.19874570e-01 9.44620582e-01 3.85292306e-01
9.34591650e-01 1.50645905e-01 -3.22249381e-01 -2.74497435e-02 -1.80881732e-01 9.81297639e-01 -6.58558076e-02 2.00232890e-01 3.06301452e-01 1.19837277e-01 9.44360619e-01 3.92839933e-01
9.34690758e-01 1.49086827e-01 -3.22686734e-01 -2.96116545e-02 -1.79482804e-01 9.81517150e-01 -6.64097383e-02 1.98571518e-01 3.06821562e-01 1.19989253e-01 9.44172437e-01 4.01206504e-01
9.34857501e-01 1.47342103e-01 -3.23004799e-01 -3.18835750e-02 -1.77932935e-01 9.81749106e-01 -6.71471922e-02 1.96816627e-01 3.07215889e-01 1.20246218e-01 9.44011468e-01 4.10363209e-01
9.35093094e-01 1.45789303e-01 -3.23027399e-01 -3.44571776e-02 -1.76565354e-01 9.81941005e-01 -6.79460893e-02 1.94940195e-01 3.07287871e-01 1.20571336e-01 9.43946545e-01 4.20129295e-01
9.35505832e-01 1.44459627e-01 -3.22429266e-01 -3.75384022e-02 -1.75495073e-01 9.82045651e-01 -6.91953809e-02 1.92887558e-01 3.06644143e-01 1.21317393e-01 9.44060334e-01 4.30790311e-01
9.36291951e-01 1.41664698e-01 -3.21385864e-01 -3.97197929e-02 -1.73216364e-01 9.82274129e-01 -7.16503612e-02 1.90012876e-01 3.05538522e-01 1.22754905e-01 9.44232971e-01 4.41628024e-01
9.36856267e-01 1.35552503e-01 -3.22375826e-01 -3.87881049e-02 -1.68805364e-01 9.82605831e-01 -7.73990258e-02 1.86836453e-01 3.06276578e-01 1.26930488e-01 9.43441407e-01 4.53680227e-01
9.37268284e-01 1.27582626e-01 -3.24424401e-01 -3.52717172e-02 -1.63043956e-01 9.82996645e-01 -8.44650523e-02 1.82661461e-01 3.08131661e-01 1.32061796e-01 9.42132159e-01 4.65256542e-01
9.37375875e-01 1.17741467e-01 -3.27816800e-01 -3.00701615e-02 -1.56254547e-01 9.83267873e-01 -9.36429576e-02 1.77245827e-01 3.11305882e-01 1.39001447e-01 9.40088180e-01 4.76808772e-01
9.37396904e-01 1.05149227e-01 -3.32010689e-01 -2.28651096e-02 -1.47865246e-01 9.83303776e-01 -1.06064927e-01 1.72438642e-01 3.15314532e-01 1.48517703e-01 9.37292763e-01 4.86388858e-01
9.36917449e-01 9.08172198e-02 -3.37547637e-01 -1.26657449e-02 -1.38812781e-01 9.82918275e-01 -1.20842509e-01 1.68075919e-01 3.20806967e-01 1.60075286e-01 9.33518792e-01 4.93413862e-01
9.35831376e-01 7.94724956e-02 -3.43371788e-01 -1.32162853e-03 -1.33017955e-01 9.81837162e-01 -1.35285475e-01 1.63321745e-01 3.26383522e-01 1.72278896e-01 9.29404255e-01 4.99802014e-01
9.34676363e-01 6.64011555e-02 -3.49244030e-01 1.03360326e-02 -1.25917877e-01 9.80548834e-01 -1.50561707e-01 1.58454369e-01 3.32453168e-01 1.84702417e-01 9.24855857e-01 5.06065267e-01
9.33830679e-01 5.16491096e-02 -3.53967625e-01 2.12350706e-02 -1.16985188e-01 9.79205041e-01 -1.65747316e-01 1.53817355e-01 3.38045968e-01 1.96188759e-01 9.20452837e-01 5.12512757e-01
9.33034455e-01 4.07318938e-02 -3.57474643e-01 3.06540228e-02 -1.11363791e-01 9.77472903e-01 -1.79290552e-01 1.49581189e-01 3.42118707e-01 2.07093837e-01 9.16550884e-01 5.20308182e-01
9.31971436e-01 3.35120110e-02 -3.60980178e-01 3.89664528e-02 -1.08652537e-01 9.75767091e-01 -1.89930208e-01 1.45342408e-01 3.45867401e-01 2.16230771e-01 9.13027162e-01 5.28623563e-01
9.30704003e-01 2.75364633e-02 -3.64736040e-01 4.60331841e-02 -1.06779471e-01 9.74180710e-01 -1.98923269e-01 1.41074649e-01 3.49840917e-01 2.24084821e-01 9.09613098e-01 5.37568694e-01
9.29138340e-01 2.24536921e-02 -3.69050504e-01 5.04710466e-02 -1.05141014e-01 9.72991118e-01 -2.05509006e-01 1.36233238e-01 3.54468176e-01 2.29748456e-01 9.06403093e-01 5.48461648e-01
9.27916992e-01 1.94522036e-02 -3.72279773e-01 5.08336257e-02 -1.05029278e-01 9.71825405e-01 -2.11008525e-01 1.31857484e-01 3.57686092e-01 2.34898472e-01 9.03815273e-01 5.60343081e-01
9.27165235e-01 1.79297202e-02 -3.74224071e-01 4.89326128e-02 -1.04843321e-01 9.71363446e-01 -2.13216400e-01 1.27523083e-01 3.59684408e-01 2.36921529e-01 9.02493190e-01 5.70854262e-01
9.26755823e-01 1.63014466e-02 -3.75311136e-01 4.55821072e-02 -1.04268708e-01 9.70966285e-01 -2.15297044e-01 1.23888955e-01 3.60904541e-01 2.38660788e-01 9.01547345e-01 5.80956421e-01
9.25793453e-01 1.41476086e-02 -3.77765713e-01 4.31323253e-02 -1.03741078e-01 9.70443141e-01 -2.17894986e-01 1.20533451e-01 3.63517194e-01 2.40915356e-01 8.99896508e-01 5.91472535e-01
9.25036404e-01 1.15817002e-02 -3.79702621e-01 4.02074917e-02 -1.02725322e-01 9.69922677e-01 -2.20675870e-01 1.17301375e-01 3.65726112e-01 2.43138074e-01 8.98402448e-01 6.02253180e-01
9.24442587e-01 8.05670876e-03 -3.81236823e-01 3.71171762e-02 -1.00784912e-01 9.69386674e-01 -2.23902011e-01 1.13972005e-01 3.67761738e-01 2.45407259e-01 8.96953275e-01 6.13051098e-01
9.24525836e-01 3.54225783e-03 -3.81103495e-01 3.30261863e-02 -9.74440527e-02 9.68917324e-01 -2.27385172e-01 1.10814262e-01 3.68452090e-01 2.47359525e-01 8.96133275e-01 6.22969540e-01
9.24439243e-01 -6.87122908e-04 -3.81329349e-01 2.93435812e-02 -9.42495897e-02 9.68561423e-01 -2.30229940e-01 1.07492293e-01 3.69498884e-01 2.48773498e-01 8.95310473e-01 6.32237471e-01
9.24643362e-01 -3.65846498e-03 -3.80817059e-01 2.48107297e-02 -9.25054712e-02 9.67848575e-01 -2.33905781e-01 1.04787611e-01 3.69428757e-01 2.51506873e-01 8.94575422e-01 6.41966377e-01
9.25187860e-01 -5.98648994e-03 -3.79462827e-01 1.99355478e-02 -9.10246223e-02 9.67189451e-01 -2.37190146e-01 1.02321737e-01 3.68432154e-01 2.53985672e-01 8.94286074e-01 6.50434691e-01
9.25737899e-01 -7.67502765e-03 -3.78088498e-01 1.55407616e-02 -9.00334490e-02 9.66572776e-01 -2.40064798e-01 1.00255034e-01 3.67292349e-01 2.56277458e-01 8.94101063e-01 6.57309352e-01
9.26204543e-01 -8.72618518e-03 -3.76921107e-01 1.12373169e-02 -8.94608943e-02 9.66093852e-01 -2.42197341e-01 9.82240027e-02 3.66254407e-01 2.58043738e-01 8.94018848e-01 6.63767053e-01
9.26666008e-01 -1.04469493e-02 -3.75741228e-01 6.64042345e-03 -8.83318578e-02 9.65568692e-01 -2.44693049e-01 9.63211502e-02 3.65360053e-01 2.59938412e-01 8.93835886e-01 6.70681867e-01
9.27209561e-01 -1.20603246e-02 -3.74349374e-01 1.86739475e-03 -8.73027554e-02 9.64991526e-01 -2.47324966e-01 9.44866687e-02 3.64226603e-01 2.62003567e-01 8.93695471e-01 6.77727022e-01
9.27887709e-01 -1.37629251e-02 -3.72606232e-01 -3.09787450e-03 -8.62488052e-02 9.64293042e-01 -2.50399972e-01 9.29164903e-02 3.62747628e-01 2.64479668e-01 8.93567649e-01 6.84637822e-01
9.28486536e-01 -1.52638787e-02 -3.71052816e-01 -7.83578794e-03 -8.53019902e-02 9.63673911e-01 -2.53093452e-01 9.13058050e-02 3.61436897e-01 2.66645184e-01 8.93455192e-01 6.91298561e-01
9.28927617e-01 -1.66972458e-02 -3.69885228e-01 -1.24206305e-02 -8.44348483e-02 9.63108388e-01 -2.55525220e-01 8.97021102e-02 3.60505925e-01 2.68595425e-01 8.93247111e-01 6.97954238e-01
9.29436533e-01 -1.83896765e-02 -3.68524095e-01 -1.69675255e-02 -8.32200790e-02 9.62576110e-01 -2.57918349e-01 8.81850951e-02 3.59475310e-01 2.70387123e-01 8.93121924e-01 7.04306038e-01
9.30027783e-01 -2.00737954e-02 -3.66941215e-01 -2.16305957e-02 -8.19284660e-02 9.62050963e-01 -2.60280501e-01 8.67075499e-02 3.58240748e-01 2.72130808e-01 8.93088394e-01 7.10363282e-01
9.30639031e-01 -2.12743055e-02 -3.65320227e-01 -2.60664766e-02 -8.10216863e-02 9.61553214e-01 -2.62394984e-01 8.52138966e-02 3.56856910e-01 2.73793657e-01 8.93134150e-01 7.16101452e-01
9.31128390e-01 -2.24652232e-02 -3.63999623e-01 -3.03763372e-02 -8.00877452e-02 9.61140612e-01 -2.64187332e-01 8.36110552e-02 3.55789635e-01 2.75144012e-01 8.93144997e-01 7.21947131e-01
9.31563527e-01 -2.32980354e-02 -3.62831931e-01 -3.48137607e-02 -7.95496570e-02 9.60704553e-01 -2.65930213e-01 8.19181786e-02 3.54769712e-01 2.76593829e-01 8.93102892e-01 7.27991616e-01
9.31962643e-01 -2.44085134e-02 -3.61732346e-01 -3.93465961e-02 -7.87730296e-02 9.60264376e-01 -2.67745015e-01 8.02391286e-02 3.53893719e-01 2.78022882e-01 8.93006719e-01 7.34138368e-01
9.32473420e-01 -2.55338612e-02 -3.60335633e-01 -4.41430173e-02 -7.78703088e-02 9.59839274e-01 -2.69527283e-01 7.85787970e-02 3.52746156e-01 2.79386240e-01 8.93035249e-01 7.40093384e-01
9.32891781e-01 -2.65146493e-02 -3.59180115e-01 -4.87347010e-02 -7.72236159e-02 9.59366145e-01 -2.71391486e-01 7.69991404e-02 3.51780869e-01 2.80915832e-01 8.92936199e-01 7.46096465e-01
9.33160810e-01 -2.74087883e-02 -3.58413324e-01 -5.32616405e-02 -7.66709270e-02 9.58967145e-01 -2.72953936e-01 7.52572408e-02 3.51187698e-01 2.82189556e-01 8.92768071e-01 7.52494314e-01
9.33534329e-01 -2.83868321e-02 -3.57363028e-01 -5.81490074e-02 -7.59292100e-02 9.58586763e-01 -2.74493020e-01 7.34276654e-02 3.50355232e-01 2.83382699e-01 8.92717213e-01 7.59126329e-01
9.34137004e-01 -2.93302251e-02 -3.55708176e-01 -6.34628772e-02 -7.51200521e-02 9.58137326e-01 -2.76278991e-01 7.17216194e-02 3.48920385e-01 2.84802985e-01 8.92827198e-01 7.65533000e-01
9.34739424e-01 -3.02469598e-02 -3.54045066e-01 -6.88930058e-02 -7.43924563e-02 9.57631929e-01 -2.78221369e-01 7.01257645e-02 3.47459995e-01 2.86402496e-01 8.92885081e-01 7.72094032e-01
9.35242016e-01 -3.11873561e-02 -3.52633453e-01 -7.40442842e-02 -7.35639757e-02 9.57246586e-01 -2.79763575e-01 6.84029368e-02 3.46282035e-01 2.87587494e-01 8.92961831e-01 7.78277390e-01
9.35754508e-01 -3.25825770e-02 -3.51144583e-01 -7.93441312e-02 -7.21513509e-02 9.56971190e-01 -2.81070604e-01 6.65408105e-02 3.45193037e-01 2.88348369e-01 8.93138072e-01 7.84558923e-01
9.36369463e-01 -3.40402741e-02 -3.49362500e-01 -8.46846185e-02 -7.06870678e-02 9.56610935e-01 -2.82664559e-01 6.48056586e-02 3.43825734e-01 2.89373589e-01 8.93333921e-01 7.90661967e-01
9.37010403e-01 -3.54573083e-02 -3.47498019e-01 -9.02571494e-02 -6.92452654e-02 9.56235670e-01 -2.84286409e-01 6.30545517e-02 3.42369812e-01 2.90441643e-01 8.93546415e-01 7.96647512e-01
9.37650842e-01 -3.69053610e-02 -3.45614583e-01 -9.58768519e-02 -6.77320439e-02 9.55884540e-01 -2.85827530e-01 6.12641490e-02 3.40915995e-01 2.91415331e-01 8.93785206e-01 8.02804786e-01
9.38273284e-01 -3.84883922e-02 -3.43747623e-01 -1.01303368e-01 -6.60541217e-02 9.55563869e-01 -2.87288725e-01 5.94495793e-02 3.39529893e-01 2.92261021e-01 8.94036627e-01 8.08819718e-01
9.38817069e-01 -4.00473318e-02 -3.42080744e-01 -1.06731598e-01 -6.43973553e-02 9.55290995e-01 -2.88569536e-01 5.75348876e-02 3.38342880e-01 2.92942836e-01 8.94263483e-01 8.15086227e-01
9.39096613e-01 -4.15840688e-02 -3.41128858e-01 -1.11727854e-01 -6.30395857e-02 9.54962562e-01 -2.89953126e-01 5.56219058e-02 3.37822510e-01 2.93798341e-01 8.94179574e-01 8.21766291e-01
9.39664174e-01 -4.38898109e-02 -3.39272020e-01 -1.17561422e-01 -6.07483146e-02 9.54567286e-01 -2.91738413e-01 5.37594899e-02 3.36662092e-01 2.94746064e-01 8.94305341e-01 8.28685436e-01
9.40301398e-01 -4.62464037e-02 -3.37187128e-01 -1.23556946e-01 -5.84168789e-02 9.54092154e-01 -2.93761781e-01 5.19466336e-02 3.35292803e-01 2.95921751e-01 8.94431501e-01 8.35719127e-01
9.41119607e-01 -4.85658255e-02 -3.34568134e-01 -1.30230410e-01 -5.59844140e-02 9.53576677e-01 -2.95901314e-01 4.99526596e-02 3.33406863e-01 2.97208852e-01 8.94709651e-01 8.43420376e-01
9.41974336e-01 -5.09607450e-02 -3.31795028e-01 -1.37332026e-01 -5.33875621e-02 9.53086332e-01 -2.97953803e-01 4.77601482e-02 3.31413067e-01 2.98378272e-01 8.95061108e-01 8.51574322e-01
9.42780500e-01 -5.37337115e-02 -3.29056533e-01 -1.44412288e-01 -5.03632201e-02 9.52652996e-01 -2.99860130e-01 4.54459464e-02 3.29589091e-01 2.99274335e-01 8.95435395e-01 8.59832074e-01
9.43565861e-01 -5.64024664e-02 -3.26347728e-01 -1.51454637e-01 -4.74363316e-02 9.52215135e-01 -3.01722563e-01 4.31380119e-02 3.27770931e-01 3.00175559e-01 8.95801054e-01 8.67778697e-01
9.44443305e-01 -5.87523584e-02 -3.23381624e-01 -1.58464640e-01 -4.47868954e-02 9.51711858e-01 -3.03708938e-01 4.09478507e-02 3.25609517e-01 3.01318830e-01 8.96205426e-01 8.75479939e-01
9.45291361e-01 -6.10361413e-02 -3.20467588e-01 -1.65485883e-01 -4.22713934e-02 9.51143279e-01 -3.05843066e-01 3.88214197e-02 3.23477861e-01 3.02657116e-01 8.96526333e-01 8.83493714e-01
9.46233697e-01 -6.36044983e-02 -3.17170236e-01 -1.72709319e-01 -3.93660275e-02 9.50551091e-01 -3.08063826e-01 3.66723675e-02 3.21080562e-01 3.03985788e-01 8.96938483e-01 8.91234797e-01
9.47089833e-01 -6.62949408e-02 -3.14048581e-01 -1.79574658e-01 -3.64398022e-02 9.49902660e-01 -3.10414987e-01 3.45179412e-02 3.18894343e-01 3.05434446e-01 8.97226197e-01 8.99021292e-01
9.48035243e-01 -6.83962769e-02 -3.10727866e-01 -1.86246296e-01 -3.39701662e-02 9.49279143e-01 -3.12594921e-01 3.23565834e-02 3.16347615e-01 3.06906181e-01 8.97625460e-01 9.06086378e-01
9.48884976e-01 -7.04735250e-02 -3.07654814e-01 -1.92653159e-01 -3.16315308e-02 9.48612852e-01 -3.14854980e-01 3.03315169e-02 3.14034037e-01 3.08492461e-01 8.97894066e-01 9.13229443e-01
9.49789133e-01 -7.28306315e-02 -3.04297465e-01 -1.99048441e-01 -2.88898946e-02 9.47966073e-01 -3.17058672e-01 2.83883529e-02 3.11555053e-01 3.09929718e-01 8.98262598e-01 9.20291795e-01
9.50756484e-01 -7.52098827e-02 -3.00676154e-01 -2.05661305e-01 -2.60626167e-02 9.47275661e-01 -3.19358761e-01 2.66014131e-02 3.08841946e-01 3.11468552e-01 8.98667116e-01 9.27482539e-01
9.51698794e-01 -7.79606923e-02 -2.96971502e-01 -2.12495924e-01 -2.28318933e-02 9.46578963e-01 -3.21663545e-01 2.47455095e-02 3.06183897e-01 3.12906968e-01 8.99076877e-01 9.34424423e-01
9.52793912e-01 -8.09813560e-02 -2.92619716e-01 -2.20064752e-01 -1.88055065e-02 9.46183572e-01 -3.23084405e-01 2.27064847e-02 3.03035577e-01 3.13335465e-01 8.99993847e-01 9.39656111e-01
9.53999919e-01 -8.42473342e-02 -2.87727229e-01 -2.28798818e-01 -1.41317429e-02 9.46003864e-01 -3.23847864e-01 2.07944709e-02 2.99474202e-01 3.13016694e-01 9.01295871e-01 9.42740720e-01
9.54912562e-01 -8.79841525e-02 -2.83551200e-01 -2.38112165e-01 -9.18977837e-03 9.45861042e-01 -3.24442560e-01 1.89424278e-02 2.96745646e-01 3.12419812e-01 9.02404807e-01 9.45566353e-01
9.55888759e-01 -9.08603324e-02 -2.79323488e-01 -2.47986357e-01 -4.83169845e-03 9.45961604e-01 -3.24243441e-01 1.66989341e-02 2.93689993e-01 3.11290029e-01 9.03793791e-01 9.47844180e-01
9.56701443e-01 -9.47483755e-02 -2.75219300e-01 -2.58174483e-01 4.56544628e-04 9.46024482e-01 -3.24095607e-01 1.44670241e-02 2.91071572e-01 3.09936835e-01 9.05104977e-01 9.49652379e-01
9.57225127e-01 -9.97479372e-02 -2.71607974e-01 -2.68746198e-01 6.71086982e-03 9.46100764e-01 -3.23803624e-01 1.21101100e-02 2.89267093e-01 3.08130005e-01 9.06299593e-01 9.51486738e-01
9.57800505e-01 -1.03928406e-01 -2.67988007e-01 -2.79977014e-01 1.21973620e-02 9.46200565e-01 -3.23351557e-01 9.53690588e-03 2.87175644e-01 3.06437300e-01 9.07537816e-01 9.53276429e-01
9.58333625e-01 -1.07767173e-01 -2.64543906e-01 -2.91907148e-01 1.72460588e-02 9.46243765e-01 -3.22995164e-01 7.04655251e-03 2.85131125e-01 3.04974533e-01 9.08674530e-01 9.54809376e-01
9.58797445e-01 -1.12358278e-01 -2.60928419e-01 -3.04597915e-01 2.31093454e-02 9.46268804e-01 -3.22555186e-01 4.66927257e-03 2.83150007e-01 3.03234956e-01 9.09875388e-01 9.56530587e-01
9.58806915e-01 -1.19017722e-01 -2.57923758e-01 -3.16957943e-01 3.11869276e-02 9.46608804e-01 -3.20873294e-01 2.09492314e-03 2.82342358e-01 2.99611436e-01 9.11325604e-01 9.58304308e-01
9.58687829e-01 -1.26601761e-01 -2.54735559e-01 -3.29804697e-01 4.05209326e-02 9.47148554e-01 -3.18226527e-01 -9.62130411e-04 2.81560329e-01 2.94757540e-01 9.13148538e-01 9.60130819e-01
9.58390752e-01 -1.34127390e-01 -2.51987330e-01 -3.42184776e-01 4.96376171e-02 9.47594867e-01 -3.15595478e-01 -3.72243746e-03 2.81111783e-01 2.89955495e-01 9.14822640e-01 9.61663049e-01
9.57974709e-01 -1.41052361e-01 -2.49778344e-01 -3.54291993e-01 5.80087485e-02 9.48021172e-01 -3.12875705e-01 -6.37313362e-03 2.80926915e-01 2.85237462e-01 9.16361310e-01 9.62466741e-01
9.57521240e-01 -1.47721480e-01 -2.47652885e-01 -3.65896231e-01 6.61570570e-02 9.48449302e-01 -3.09947602e-01 -9.41244210e-03 2.80672017e-01 2.80397201e-01 9.17931950e-01 9.62375872e-01
9.57321039e-01 -1.52422177e-01 -2.45569611e-01 -3.76439772e-01 7.21592153e-02 9.48778545e-01 -3.07591857e-01 -1.19278938e-02 2.79874887e-01 2.76743840e-01 9.19283043e-01 9.61276780e-01
9.56894755e-01 -1.56577285e-01 -2.44614883e-01 -3.86253706e-01 7.74413224e-02 9.49294471e-01 -3.04701874e-01 -1.41561395e-02 2.79920836e-01 2.72624128e-01 9.20499216e-01 9.59314520e-01
9.56738714e-01 -1.58434288e-01 -2.44028734e-01 -3.95771302e-01 8.06977193e-02 9.50327073e-01 -3.00610558e-01 -1.66531710e-02 2.79534018e-01 2.67913013e-01 9.21998767e-01 9.56926767e-01
9.56346689e-01 -1.60587925e-01 -2.44157564e-01 -4.05003282e-01 8.43747270e-02 9.51634166e-01 -2.95421201e-01 -1.93657574e-02 2.79789635e-01 2.61924180e-01 9.23640564e-01 9.53835855e-01
9.55876935e-01 -1.63299453e-01 -2.44198542e-01 -4.14346468e-01 8.90099420e-02 9.53184369e-01 -2.88993451e-01 -2.23730349e-02 2.79958566e-01 2.54505916e-01 9.25661042e-01 9.50087177e-01
9.55537843e-01 -1.65529281e-01 -2.44024446e-01 -4.23785757e-01 9.35562218e-02 9.55000621e-01 -2.81463195e-01 -2.57912585e-02 2.79633761e-01 2.46118571e-01 9.28024282e-01 9.46000545e-01
9.54936851e-01 -1.68788466e-01 -2.44144505e-01 -4.33562262e-01 9.91826648e-02 9.56744373e-01 -2.73502285e-01 -2.95653604e-02 2.79747779e-01 2.36962358e-01 9.30370084e-01 9.41855870e-01
9.54690696e-01 -1.70525926e-01 -2.43899883e-01 -4.43598232e-01 1.04023813e-01 9.59070599e-01 -2.63369026e-01 -3.40256454e-02 2.78828311e-01 2.26064422e-01 9.33353194e-01 9.37113299e-01
9.54177472e-01 -1.71835585e-01 -2.44986693e-01 -4.52686374e-01 1.08067973e-01 9.61314902e-01 -2.53368552e-01 -3.81742865e-02 2.79046938e-01 2.15283218e-01 9.35833606e-01 9.31933054e-01
9.54151146e-01 -1.71410806e-01 -2.45386470e-01 -4.62403803e-01 1.11043019e-01 9.63999266e-01 -2.41610321e-01 -4.27595339e-02 2.77966834e-01 2.03284194e-01 9.38833645e-01 9.26115665e-01
9.54261569e-01 -1.70248594e-01 -2.45765888e-01 -4.73058027e-01 1.13547614e-01 9.66815911e-01 -2.28855053e-01 -4.76230981e-02 2.76572445e-01 1.90481345e-01 9.41925295e-01 9.19924952e-01
9.54897507e-01 -1.69466256e-01 -2.43828809e-01 -4.85346799e-01 1.16765094e-01 9.69297625e-01 -2.16399312e-01 -5.21440723e-02 2.73014902e-01 1.78168379e-01 9.45366374e-01 9.13434321e-01
9.56089649e-01 -1.65643873e-01 -2.41775121e-01 -4.98071204e-01 1.16438522e-01 9.71746818e-01 -2.05306787e-01 -5.61543556e-02 2.68951842e-01 1.68139686e-01 9.48363144e-01 9.06171772e-01
9.57650709e-01 -1.59075521e-01 -2.40001345e-01 -5.10276348e-01 1.13005508e-01 9.74299282e-01 -1.94862276e-01 -5.95370984e-02 2.64830789e-01 1.59488452e-01 9.51013591e-01 8.97948955e-01
9.59232328e-01 -1.51635431e-01 -2.38496352e-01 -5.21695514e-01 1.07691065e-01 9.76322625e-01 -1.87609563e-01 -6.12662249e-02 2.61297483e-01 1.54277174e-01 9.52848823e-01 8.90067649e-01
9.60967171e-01 -1.44866219e-01 -2.35703900e-01 -5.33071880e-01 1.02942805e-01 9.78007796e-01 -1.81394884e-01 -6.22064778e-02 2.56798081e-01 1.50050454e-01 9.54745177e-01 8.81566958e-01
9.63897058e-01 -1.36514042e-01 -2.28619316e-01 -5.45362201e-01 9.74348895e-02 9.79861181e-01 -1.74296048e-01 -6.31127493e-02 2.47808895e-01 1.45727911e-01 9.57785383e-01 8.71480751e-01
9.66574313e-01 -1.30067674e-01 -2.20945359e-01 -5.57713817e-01 9.43752547e-02 9.81754799e-01 -1.65080148e-01 -6.50972835e-02 2.38385601e-01 1.38710433e-01 9.61212998e-01 8.60136530e-01
9.69107740e-01 -1.24387997e-01 -2.12974696e-01 -5.69814326e-01 9.18976853e-02 9.83439583e-01 -1.56211730e-01 -6.77011481e-02 2.28878458e-01 1.31814100e-01 9.64488692e-01 8.49404375e-01
9.71719522e-01 -1.20585344e-01 -2.03028864e-01 -5.82302992e-01 9.13840568e-02 9.84825119e-01 -1.47543676e-01 -7.09835496e-02 2.17739389e-01 1.24817465e-01 9.67992198e-01 8.37289249e-01
9.74045729e-01 -1.17087387e-01 -1.93715846e-01 -5.93485338e-01 9.08876685e-02 9.86109132e-01 -1.39028465e-01 -7.47420330e-02 2.07303312e-01 1.17813704e-01 9.71156027e-01 8.24654653e-01
9.75969920e-01 -1.12948843e-01 -1.86348061e-01 -6.03440399e-01 8.88786040e-02 9.87145249e-01 -1.32836802e-01 -7.76278024e-02 1.98956227e-01 1.13082380e-01 9.73461661e-01 8.12808972e-01
9.78123162e-01 -1.09056962e-01 -1.77149387e-01 -6.13402816e-01 8.73085041e-02 9.88148659e-01 -1.26254096e-01 -8.08743899e-02 1.88818698e-01 1.08025428e-01 9.76051611e-01 7.99878276e-01
9.78897824e-01 -1.06841884e-01 -1.74195770e-01 -6.20011246e-01 8.63123179e-02 9.88836708e-01 -1.21461335e-01 -8.29509626e-02 1.85228211e-01 1.03863020e-01 9.77190746e-01 7.88124733e-01
9.79379293e-01 -1.04615740e-01 -1.72835299e-01 -6.25485461e-01 8.50182365e-02 9.89468160e-01 -1.17155732e-01 -8.49136058e-02 1.83271232e-01 1.00045780e-01 9.77957705e-01 7.76708810e-01
9.79675861e-01 -1.04033536e-01 -1.71500667e-01 -6.31070454e-01 8.53023749e-02 9.89903788e-01 -1.13202537e-01 -8.65291484e-02 1.81545892e-01 9.62724215e-02 9.78657993e-01 7.65695277e-01
9.79990674e-01 -1.05409175e-01 -1.68841324e-01 -6.37260031e-01 8.76117345e-02 9.90105910e-01 -1.09613947e-01 -8.79247608e-02 1.78724994e-01 9.26282135e-02 9.79528491e-01 7.54255353e-01
9.80580980e-01 -1.05991675e-01 -1.65005881e-01 -6.44643451e-01 8.91469737e-02 9.90323733e-01 -1.06360122e-01 -8.96951524e-02 1.74682417e-01 8.95849879e-02 9.80540300e-01 7.43683192e-01
9.81416124e-01 -1.04115634e-01 -1.61191250e-01 -6.51004107e-01 8.82817011e-02 9.90811043e-01 -1.02472318e-01 -9.24941765e-02 1.70378941e-01 8.63377994e-02 9.81588249e-01 7.31229967e-01
9.82525786e-01 -1.03989825e-01 -1.54368029e-01 -6.59865665e-01 8.94589268e-02 9.91129975e-01 -9.82815670e-02 -9.54833483e-02 1.63218973e-01 8.27546356e-02 9.83112347e-01 7.21543991e-01
9.83659683e-01 -9.89179693e-02 -1.50430143e-01 -6.66398096e-01 8.52443499e-02 9.91841238e-01 -9.47901586e-02 -9.87082686e-02 1.58579188e-01 8.04179986e-02 9.84065163e-01 7.09913024e-01
9.84183899e-01 -9.52408925e-02 -1.49370680e-01 -6.71155857e-01 8.19716570e-02 9.92322261e-01 -9.26171403e-02 -1.00739712e-01 1.57044717e-01 7.89081975e-02 9.84433386e-01 6.99087004e-01
9.84211826e-01 -9.53786582e-02 -1.49098382e-01 -6.75567139e-01 8.25209515e-02 9.92501498e-01 -9.01765343e-02 -1.02160649e-01 1.56581211e-01 7.64491375e-02 9.84701208e-01 6.88662633e-01
9.84541356e-01 -9.63751583e-02 -1.46255214e-01 -6.81608066e-01 8.42419882e-02 9.92639471e-01 -8.70114451e-02 -1.04049829e-01 1.53564365e-01 7.33456012e-02 9.85412164e-01 6.78315505e-01
9.85452879e-01 -9.47462022e-02 -1.41089164e-01 -6.88796845e-01 8.36984565e-02 9.93088023e-01 -8.22900376e-02 -1.07153731e-01 1.47910551e-01 6.92840856e-02 9.86570268e-01 6.68516434e-01
9.85806881e-01 -8.98430845e-02 -1.41821737e-01 -6.95000466e-01 7.86663760e-02 9.93477900e-01 -8.25477637e-02 -1.07833800e-01 1.48313034e-01 7.02196260e-02 9.86443681e-01 6.62176697e-01
9.86206844e-01 -9.11470993e-02 -1.38161631e-01 -7.03812156e-01 7.99302050e-02 9.93197726e-01 -8.46774911e-02 -1.07728713e-01 1.44939861e-01 7.24663066e-02 9.86782505e-01 6.57074647e-01
9.86044982e-01 -9.18691268e-02 -1.38837038e-01 -7.09676902e-01 8.03250462e-02 9.93001014e-01 -8.65894882e-02 -1.07820170e-01 1.45820153e-01 7.42291107e-02 9.86521746e-01 6.51678615e-01
9.85409757e-01 -9.07018392e-02 -1.44017971e-01 -7.12514670e-01 7.83065920e-02 9.92901634e-01 -8.95285597e-02 -1.07751527e-01 1.51115997e-01 7.69448264e-02 9.85516203e-01 6.45600252e-01
9.85206373e-01 -9.02127833e-02 -1.45707005e-01 -7.16244588e-01 7.74901500e-02 9.92854047e-01 -9.07584263e-02 -1.09492518e-01 1.52853272e-01 7.81249841e-02 9.85155388e-01 6.39240969e-01
9.84518557e-01 -8.68232747e-02 -1.52267606e-01 -7.16746709e-01 7.32697001e-02 9.93015859e-01 -9.24773768e-02 -1.11296705e-01 1.59233238e-01 7.98891521e-02 9.84002680e-01 6.31384729e-01
9.82386468e-01 -8.51557654e-02 -1.66330348e-01 -7.09193982e-01 7.01944561e-02 9.93108917e-01 -9.38533503e-02 -1.12336405e-01 1.73176188e-01 8.05248575e-02 9.81592822e-01 6.24514473e-01
9.80541430e-01 -8.48779598e-02 -1.77016019e-01 -7.01204269e-01 6.88178540e-02 9.93098037e-01 -9.49810754e-02 -1.13212018e-01 1.83855930e-01 8.09510830e-02 9.79613489e-01 6.16805513e-01
9.79328855e-01 -8.59515069e-02 -1.83105866e-01 -6.97002502e-01 6.91825573e-02 9.92966227e-01 -9.60879066e-02 -1.14272531e-01 1.90076699e-01 8.14339942e-02 9.78385414e-01 6.09772815e-01
9.77333852e-01 -8.79370330e-02 -1.92577190e-01 -6.90812666e-01 7.00688072e-02 9.92744984e-01 -9.77178017e-02 -1.15206626e-01 1.99772889e-01 8.20093278e-02 9.76403582e-01 6.04407327e-01
9.74744168e-01 -8.79163835e-02 -2.05292079e-01 -6.81897630e-01 6.83680163e-02 9.92589994e-01 -1.00458733e-01 -1.15261181e-01 2.12602637e-01 8.38862153e-02 9.73530676e-01 6.02193654e-01
9.71606913e-01 -8.64276552e-02 -2.20250994e-01 -6.70587916e-01 6.48455656e-02 9.92522950e-01 -1.03412987e-01 -1.14926112e-01 2.27541690e-01 8.61945369e-02 9.69945366e-01 6.01209779e-01
9.68027552e-01 -8.55062538e-02 -2.35821035e-01 -6.57806903e-01 6.16313521e-02 9.92365987e-01 -1.06828591e-01 -1.13813668e-01 2.43155049e-01 8.88791146e-02 9.65906217e-01 6.00908087e-01
9.64207677e-01 -8.44741628e-02 -2.51332178e-01 -6.44279574e-01 5.82896335e-02 9.92235453e-01 -1.09873399e-01 -1.12836597e-01 2.58661904e-01 9.12907794e-02 9.61643727e-01 6.00286974e-01
9.60527172e-01 -8.43285542e-02 -2.65097197e-01 -6.31039989e-01 5.58823846e-02 9.92013283e-01 -1.13084050e-01 -1.11639179e-01 2.72515857e-01 9.38061004e-02 9.57566837e-01 6.00742373e-01
9.56862693e-01 -8.46935959e-02 -2.77922804e-01 -6.18100177e-01 5.40854051e-02 9.91773969e-01 -1.16019121e-01 -1.10716437e-01 2.85462357e-01 9.59828626e-02 9.53570788e-01 6.01700105e-01
9.53582715e-01 -8.42316241e-02 -2.89111221e-01 -6.05335919e-01 5.17335906e-02 9.91633103e-01 -1.18274078e-01 -1.10085238e-01 2.96654322e-01 9.78274193e-02 9.49960373e-01 6.02167821e-01
9.50449793e-01 -8.33445403e-02 -2.99498005e-01 -5.92450971e-01 4.89561665e-02 9.91499680e-01 -1.20553226e-01 -1.09576956e-01 3.06999236e-01 9.99175835e-02 9.46449492e-01 6.02740104e-01
9.46966848e-01 -8.26599214e-02 -3.10517786e-01 -5.79079679e-01 4.64421902e-02 9.91409090e-01 -1.22280681e-01 -1.09057569e-01 3.17957444e-01 1.01374691e-01 9.42669069e-01 6.03440089e-01
9.44019370e-01 -8.27381110e-02 -3.19346331e-01 -5.66744461e-01 4.46201582e-02 9.91166907e-01 -1.24894889e-01 -1.08346247e-01 3.26858630e-01 1.03653972e-01 9.39371119e-01 6.04616006e-01
9.41198323e-01 -8.39244761e-02 -3.27265501e-01 -5.54885709e-01 4.39831640e-02 9.90850618e-01 -1.27601236e-01 -1.07526822e-01 3.34979634e-01 1.05703950e-01 9.36276751e-01 6.06241889e-01
9.38015995e-01 -8.55066311e-02 -3.35879286e-01 -5.43054590e-01 4.36553790e-02 9.90521063e-01 -1.30244499e-01 -1.06374956e-01 3.43831830e-01 1.07508531e-01 9.32856045e-01 6.08424010e-01
9.35227102e-01 -8.49893848e-02 -3.43696563e-01 -5.32327058e-01 4.15029280e-02 9.90385298e-01 -1.31969108e-01 -1.05399701e-01 3.51607535e-01 1.09156716e-01 9.29761135e-01 6.10833787e-01
9.32600449e-01 -8.30921521e-02 -3.51215462e-01 -5.21782197e-01 3.81275915e-02 9.90374416e-01 -1.33064434e-01 -1.04682082e-01 3.58890950e-01 1.10704995e-01 9.26790409e-01 6.13249998e-01
9.29557026e-01 -8.07698934e-02 -3.59722248e-01 -5.10669565e-01 3.41656902e-02 9.90381215e-01 -1.34086160e-01 -1.03929194e-01 3.67091804e-01 1.12350624e-01 9.23374050e-01 6.16137446e-01
9.26587531e-01 -7.95410466e-02 -3.67571697e-01 -5.00212027e-01 3.14976529e-02 9.90358028e-01 -1.34908451e-01 -1.03461069e-01 3.74757829e-01 1.13426890e-01 9.20157420e-01 6.18923673e-01
9.23697269e-01 -7.94155485e-02 -3.74802200e-01 -4.90269336e-01 3.00337853e-02 9.90280494e-01 -1.35808413e-01 -1.03127031e-01 3.81944072e-01 1.14189176e-01 9.17103244e-01 6.22110634e-01
9.20097957e-01 -8.03961764e-02 -3.83348832e-01 -4.79414630e-01 2.95354868e-02 9.90163509e-01 -1.36767252e-01 -1.02613664e-01 3.90573040e-01 1.14516921e-01 9.13420686e-01 6.25403818e-01
9.16577385e-01 -8.08184019e-02 -3.91605018e-01 -4.68686109e-01 2.85802006e-02 9.90098464e-01 -1.37439407e-01 -1.02116632e-01 3.98834619e-01 1.14781742e-01 9.09810361e-01 6.28859841e-01
9.12464773e-01 -8.15827942e-02 -4.00939422e-01 -4.57491000e-01 2.77010052e-02 9.89989732e-01 -1.38399184e-01 -1.01509259e-01 4.08216342e-01 1.15177997e-01 9.05589432e-01 6.32220173e-01
9.07814007e-01 -8.15257719e-02 -4.11372556e-01 -4.45852810e-01 2.58987875e-02 9.89949518e-01 -1.39034240e-01 -1.00944587e-01 4.18572358e-01 1.15563222e-01 9.00800254e-01 6.35586756e-01
9.03489812e-01 -8.07692915e-02 -4.20930614e-01 -4.34720448e-01 2.33804564e-02 9.89909727e-01 -1.39761896e-01 -1.00548424e-01 4.27971181e-01 1.16431937e-01 8.96260608e-01 6.38832938e-01
8.99192343e-01 -7.93146907e-02 -4.30305093e-01 -4.23500560e-01 2.02575690e-02 9.89926084e-01 -1.40133107e-01 -1.00273509e-01 4.37084249e-01 1.17289713e-01 8.91739490e-01 6.41720502e-01
8.95006381e-01 -7.81755495e-02 -4.39149585e-01 -4.12644566e-01 1.74288604e-02 9.89900021e-01 -1.40696468e-01 -9.99461950e-02 4.45712606e-01 1.18270389e-01 8.87328137e-01 6.44354511e-01
8.90700856e-01 -7.76834821e-02 -4.47903384e-01 -4.01888399e-01 1.48418021e-02 9.89735535e-01 -1.42142831e-01 -9.93327346e-02 4.54347441e-01 1.19959076e-01 8.82710049e-01 6.47097534e-01
8.86102916e-01 -7.76564164e-02 -4.56936766e-01 -3.90834892e-01 1.27672802e-02 9.89580193e-01 -1.43420025e-01 -9.89050773e-02 4.63312445e-01 1.21251096e-01 8.77860179e-01 6.50247606e-01
8.81691103e-01 -7.77417316e-02 -4.65378433e-01 -3.80291327e-01 1.06919269e-02 9.89371893e-01 -1.45018018e-01 -9.82592616e-02 4.71705662e-01 1.22885341e-01 8.73150428e-01 6.53715554e-01
8.77137070e-01 -7.78406065e-02 -4.73889669e-01 -3.69838094e-01 8.42600205e-03 9.89119808e-01 -1.46875268e-01 -9.76336501e-02 4.80165855e-01 1.24836788e-01 8.68248356e-01 6.57548718e-01
8.72327853e-01 -7.89195118e-02 -4.82509953e-01 -3.59426126e-01 7.48457088e-03 9.88927143e-01 -1.48217458e-01 -9.74575553e-02 4.88863746e-01 1.25682873e-01 8.63258240e-01 6.61729084e-01
8.67710305e-01 -8.04688547e-02 -4.90513677e-01 -3.49361447e-01 7.16710936e-03 9.88732975e-01 -1.49522819e-01 -9.72817479e-02 4.97018280e-01 1.26226957e-01 8.58509375e-01 6.66047917e-01
8.63798574e-01 -8.16385239e-02 -4.97179313e-01 -3.39827535e-01 6.74360899e-03 9.88570958e-01 -1.50609856e-01 -9.72173020e-02 5.03791900e-01 1.26743826e-01 8.54475561e-01 6.69871707e-01
8.59720592e-01 -8.26733627e-02 -5.04029497e-01 -3.30267819e-01 6.17766678e-03 9.88425056e-01 -1.51588555e-01 -9.73400107e-02 5.10727035e-01 1.27210106e-01 8.50278907e-01 6.73942559e-01
8.55993925e-01 -8.31438026e-02 -5.10256421e-01 -3.21413743e-01 5.40981068e-03 9.88370324e-01 -1.51974273e-01 -9.77643549e-02 5.16957332e-01 1.27328694e-01 8.46487593e-01 6.77592105e-01
8.52278051e-01 -8.29468177e-02 -5.16470815e-01 -3.13101097e-01 3.83812702e-03 9.88313346e-01 -1.52392044e-01 -9.79848623e-02 5.23074751e-01 1.27898139e-01 8.42634926e-01 6.81802074e-01
8.48816788e-01 -8.22239580e-02 -5.22254107e-01 -3.05409311e-01 1.41931872e-03 9.88183540e-01 -1.53272827e-01 -9.80652157e-02 5.28684943e-01 1.29359335e-01 8.38902283e-01 6.86197185e-01
8.45494209e-01 -8.18895854e-02 -5.27668236e-01 -2.98125806e-01 -5.12764934e-04 9.88046847e-01 -1.54157518e-01 -9.82453149e-02 5.33984136e-01 1.30609887e-01 8.35344657e-01 6.90829709e-01
8.42597116e-01 -8.07983949e-02 -5.32448892e-01 -2.91357148e-01 -3.30315280e-03 9.87888109e-01 -1.55137399e-01 -9.82043845e-02 5.38534043e-01 1.32477117e-01 8.32123547e-01 6.95607249e-01
8.40093097e-01 -7.99525447e-02 -5.36517697e-01 -2.85162298e-01 -5.63441580e-03 9.87739160e-01 -1.56016152e-01 -9.82773391e-02 5.42412681e-01 1.34091091e-01 8.29341139e-01 7.00419732e-01
8.37980502e-01 -7.85095325e-02 -5.40023165e-01 -2.79341720e-01 -8.04601651e-03 9.87712347e-01 -1.56080283e-01 -9.87121908e-02 5.45640591e-01 1.35137303e-01 8.27050736e-01 7.04845330e-01
8.36054219e-01 -7.67916862e-02 -5.43246274e-01 -2.73367663e-01 -1.01507333e-02 9.87822678e-01 -1.55257138e-01 -9.96925772e-02 5.48552717e-01 1.35317762e-01 8.25092544e-01 7.08229572e-01
8.33826028e-01 -7.48887909e-02 -5.46924053e-01 -2.67025118e-01 -1.27267817e-02 9.87884803e-01 -1.54670741e-01 -1.00524308e-01 5.51880362e-01 1.35929103e-01 8.22769697e-01 7.11471235e-01
8.31826960e-01 -7.30926370e-02 -5.50201316e-01 -2.61554011e-01 -1.55914632e-02 9.87823337e-01 -1.54801040e-01 -1.01098168e-01 5.54815827e-01 1.37346150e-01 8.20557158e-01 7.15289581e-01
8.30071027e-01 -7.14876480e-02 -5.53056689e-01 -2.56295575e-01 -1.81278161e-02 9.87766834e-01 -1.54885086e-01 -1.01634189e-01 5.57362744e-01 1.38591356e-01 8.18619459e-01 7.18543003e-01
8.28809276e-01 -6.93944537e-02 -5.55211383e-01 -2.51179159e-01 -2.07543281e-02 9.87784535e-01 -1.54441851e-01 -1.02432796e-01 5.59145963e-01 1.39525902e-01 8.17243471e-01 7.20755409e-01
8.27761811e-01 -6.78629046e-02 -5.56960596e-01 -2.46302446e-01 -2.31170709e-02 9.87691437e-01 -1.54701711e-01 -1.03061150e-01 5.60603040e-01 1.40931494e-01 8.16003136e-01 7.22264580e-01
8.26705351e-01 -6.65245862e-02 -5.58688454e-01 -2.41239459e-01 -2.51846701e-02 9.87615417e-01 -1.54863994e-01 -1.03794124e-01 5.62070939e-01 1.42097307e-01 8.14790235e-01 7.23175893e-01
8.25342575e-01 -6.51300250e-02 -5.60863401e-01 -2.36302287e-01 -2.73764567e-02 9.87541472e-01 -1.54963360e-01 -1.04586367e-01 5.63967994e-01 1.43252336e-01 8.13275709e-01 7.24302564e-01
8.23485057e-01 -6.42536157e-02 -5.63687807e-01 -2.30848406e-01 -2.91355502e-02 9.87466178e-01 -1.55122544e-01 -1.05472167e-01 5.66589152e-01 1.44164469e-01 8.11290286e-01 7.25469062e-01
8.21566554e-01 -6.36548331e-02 -5.66547983e-01 -2.25231638e-01 -3.08947378e-02 9.87316865e-01 -1.55731371e-01 -1.06156920e-01 5.69274779e-01 1.45447048e-01 8.09178588e-01 7.26484092e-01
8.19741562e-01 -6.31182876e-02 -5.69245105e-01 -2.19725436e-01 -3.26418530e-02 9.87145321e-01 -1.56460763e-01 -1.06832075e-01 5.71802520e-01 1.46838619e-01 8.07142414e-01 7.27473276e-01
8.18201835e-01 -6.26462096e-02 -5.71507998e-01 -2.14261765e-01 -3.43226378e-02 9.86951260e-01 -1.57322949e-01 -1.07329604e-01 5.73905557e-01 1.48337591e-01 8.05373830e-01 7.28053497e-01
8.16767656e-01 -6.24877785e-02 -5.73573065e-01 -2.09112970e-01 -3.57356190e-02 9.86731083e-01 -1.58386184e-01 -1.07887372e-01 5.75858866e-01 1.49861708e-01 8.03695640e-01 7.28816737e-01
8.15338962e-01 -6.23433862e-02 -5.75617795e-01 -2.03954322e-01 -3.70913676e-02 9.86520221e-01 -1.59384856e-01 -1.08595230e-01 5.77794495e-01 1.51303145e-01 8.02034589e-01 7.29469952e-01
8.14050585e-01 -6.26154193e-02 -5.77408999e-01 -1.99356310e-01 -3.81895795e-02 9.86250042e-01 -1.60791424e-01 -1.09214462e-01 5.79536995e-01 1.52943367e-01 8.00464744e-01 7.30381400e-01
8.12422048e-01 -6.28296594e-02 -5.79674969e-01 -1.94678347e-01 -3.94861599e-02 9.85967202e-01 -1.62206617e-01 -1.09934129e-01 5.81731222e-01 1.54669372e-01 7.98539161e-01 7.31759165e-01
8.10819598e-01 -6.30539539e-02 -5.81890018e-01 -1.89970391e-01 -4.07709817e-02 9.85681370e-01 -1.63619787e-01 -1.10618907e-01 5.83874359e-01 1.56390358e-01 7.96637555e-01 7.32846861e-01
8.09184332e-01 -6.37906907e-02 -5.84081944e-01 -1.85099845e-01 -4.12015003e-02 9.85481973e-01 -1.64709576e-01 -1.11520263e-01 5.86108461e-01 1.57345456e-01 7.94806856e-01 7.33450261e-01
8.07058971e-01 -6.49635629e-02 -5.86886588e-01 -1.80021785e-01 -4.13595430e-02 9.85269504e-01 -1.65936507e-01 -1.12318397e-01 5.89020599e-01 1.58193894e-01 7.92482253e-01 7.34350999e-01
8.04986052e-01 -6.64427982e-02 -5.89561767e-01 -1.75271428e-01 -4.13277615e-02 9.85016693e-01 -1.67438332e-01 -1.12996768e-01 5.91852590e-01 1.59150778e-01 7.90177311e-01 7.35346373e-01
8.02878713e-01 -6.80393333e-02 -5.92247174e-01 -1.70634435e-01 -4.18005096e-02 9.84595849e-01 -1.69779943e-01 -1.13331567e-01 5.94675126e-01 1.61068916e-01 7.87665529e-01 7.36190379e-01
8.01661959e-01 -6.96262370e-02 -5.93709147e-01 -1.66513140e-01 -4.23162951e-02 9.84092906e-01 -1.72545359e-01 -1.13496803e-01 5.96277976e-01 1.63446598e-01 7.85962105e-01 7.35917854e-01
8.01438169e-01 -7.21927872e-02 -5.93704757e-01 -1.62964812e-01 -4.18688051e-02 9.83481046e-01 -1.76106402e-01 -1.13444421e-01 5.96610300e-01 1.65996070e-01 7.85175223e-01 7.34521671e-01
8.01112542e-01 -7.37282316e-02 -5.93955474e-01 -1.59544634e-01 -4.27018056e-02 9.82814646e-01 -1.79592318e-01 -1.13749471e-01 5.96988481e-01 1.69236600e-01 7.84195365e-01 7.33276124e-01
8.01505727e-01 -7.49199334e-02 -5.93275474e-01 -1.57737359e-01 -4.45438868e-02 9.81884956e-01 -1.84171838e-01 -1.14073529e-01 5.96325713e-01 1.74041551e-01 7.83647742e-01 7.32255880e-01
8.01951364e-01 -7.57783032e-02 -5.92563858e-01 -1.56919185e-01 -4.66946384e-02 9.80936660e-01 -1.88638301e-01 -1.14849307e-01 5.95561619e-01 1.78948257e-01 7.83123564e-01 7.30636212e-01
8.02140684e-01 -7.47703823e-02 -5.92435638e-01 -1.54010262e-01 -4.97002915e-02 9.80328307e-01 -1.91017959e-01 -1.16573549e-01 5.95063196e-01 1.82667455e-01 7.82643633e-01 7.27312609e-01
8.01304674e-01 -7.30009643e-02 -5.93786051e-01 -1.49614541e-01 -5.29399298e-02 9.79982160e-01 -1.91921580e-01 -1.18873349e-01 5.95909454e-01 1.85222613e-01 7.81398182e-01 7.23637243e-01
8.00680872e-01 -7.40431925e-02 -5.94498014e-01 -1.46753437e-01 -5.35603633e-02 9.79513041e-01 -1.94131408e-01 -1.21135184e-01 5.96691920e-01 1.87278798e-01 7.80310181e-01 7.20130149e-01
8.00251751e-01 -8.10116181e-02 -5.94166967e-01 -1.45874626e-01 -4.81474732e-02 9.78954367e-01 -1.98322181e-01 -1.23045736e-01 5.97727975e-01 1.87315272e-01 7.79508077e-01 7.16861325e-01
7.99572698e-01 -9.21486265e-02 -5.93457897e-01 -1.45138336e-01 -3.80428556e-02 9.78403734e-01 -2.03175824e-01 -1.25027661e-01 5.99363025e-01 1.85030639e-01 7.78797931e-01 7.14076134e-01
7.98246080e-01 -1.07073356e-01 -5.92738246e-01 -1.43304219e-01 -2.47967778e-02 9.77397867e-01 -2.09952563e-01 -1.25781821e-01 6.01820629e-01 1.82291773e-01 7.77547581e-01 7.10908684e-01
7.96761987e-01 -1.23613170e-01 -5.91515281e-01 -1.40947981e-01 -1.02416126e-02 9.75952440e-01 -2.17746555e-01 -1.25952092e-01 6.04206312e-01 1.79550208e-01 7.76334415e-01 7.07025312e-01
7.95098328e-01 -1.42647289e-01 -5.89466392e-01 -1.38398683e-01 7.00976755e-03 9.74043256e-01 -2.26256976e-01 -1.25512018e-01 6.06439919e-01 1.75764481e-01 7.75458666e-01 7.02785341e-01
7.93270317e-01 -1.61832357e-01 -5.86969047e-01 -1.35728834e-01 2.50021481e-02 9.71876232e-01 -2.34164437e-01 -1.25467499e-01 6.08355903e-01 1.71080173e-01 7.75005341e-01 6.98643357e-01
7.91804279e-01 -1.82235712e-01 -5.82954805e-01 -1.33349952e-01 4.51939599e-02 9.69316347e-01 -2.41629383e-01 -1.25685941e-01 6.09100420e-01 1.64977104e-01 7.75743408e-01 6.94089646e-01
7.89194737e-01 -2.03645380e-01 -5.79396569e-01 -1.30933748e-01 6.63751229e-02 9.66180298e-01 -2.49181601e-01 -1.26113785e-01 6.10545515e-01 1.58195263e-01 7.76019980e-01 6.91632156e-01
7.85845597e-01 -2.24746630e-01 -5.76138708e-01 -1.28245426e-01 8.72023821e-02 9.62588905e-01 -2.56553996e-01 -1.26630106e-01 6.12243621e-01 1.51371149e-01 7.76043235e-01 6.89831507e-01
7.82039662e-01 -2.47235670e-01 -5.72091463e-01 -1.25854658e-01 1.09693626e-01 9.58222440e-01 -2.64156515e-01 -1.26973579e-01 6.13499035e-01 1.43826078e-01 7.76486685e-01 6.87936339e-01
7.75873605e-01 -2.71532465e-01 -5.69465001e-01 -1.22268235e-01 1.35141308e-01 9.53219877e-01 -2.70389274e-01 -1.28007430e-01 6.16244035e-01 1.32829670e-01 7.76271935e-01 6.87074201e-01
7.67527869e-01 -2.94452119e-01 -5.69384822e-01 -1.17304029e-01 1.59713940e-01 9.48086526e-01 -2.75000064e-01 -1.29641625e-01 6.20799661e-01 1.20131540e-01 7.74709478e-01 6.87916150e-01
7.57762266e-01 -3.14829053e-01 -5.71558520e-01 -1.10692345e-01 1.81934617e-01 9.43111640e-01 -2.78283734e-01 -1.31582455e-01 6.26654510e-01 1.06886667e-01 7.71931301e-01 6.89605371e-01
7.46329813e-01 -3.35342956e-01 -5.74923481e-01 -1.03312117e-01 2.04616659e-01 9.37568252e-01 -2.81246219e-01 -1.33621868e-01 6.33343126e-01 9.22635735e-02 7.68350477e-01 6.92179794e-01
7.34119144e-01 -3.54425977e-01 -5.79181719e-01 -9.54593348e-02 2.25372143e-01 9.31796155e-01 -2.84543537e-01 -1.34984852e-01 6.40528077e-01 7.83575051e-02 7.63925701e-01 6.95006703e-01
7.21937369e-01 -3.71709309e-01 -5.83642640e-01 -8.75953615e-02 2.44389626e-01 9.26077349e-01 -2.87499883e-01 -1.36058507e-01 6.47363733e-01 6.49207979e-02 7.59410316e-01 6.98329019e-01
7.09798868e-01 -3.87320059e-01 -5.88361113e-01 -7.99546822e-02 2.62430380e-01 9.20534107e-01 -2.89394011e-01 -1.37402804e-01 6.53693721e-01 5.10078237e-02 7.55037234e-01 7.02105285e-01
6.97027382e-01 -4.02206546e-01 -5.93618385e-01 -7.26381092e-02 2.81266693e-01 9.14884245e-01 -2.89616168e-01 -1.39712958e-01 6.59576762e-01 3.49054554e-02 7.50825283e-01 7.07176763e-01
6.84136696e-01 -4.15613282e-01 -5.99351891e-01 -6.54855894e-02 2.99319974e-01 9.09358946e-01 -2.88921314e-01 -1.42372890e-01 6.65104693e-01 1.82638380e-02 7.46525770e-01 7.13129575e-01
6.70940948e-01 -4.28385406e-01 -6.05247283e-01 -5.86535445e-02 3.17178788e-01 9.03596214e-01 -2.87946484e-01 -1.45016959e-01 6.70250370e-01 1.22366720e-03 7.42133042e-01 7.19198222e-01
6.57935050e-01 -4.39061781e-01 -6.11838435e-01 -5.21715916e-02 3.32840463e-01 8.98332714e-01 -2.86735460e-01 -1.47609267e-01 6.75528215e-01 -1.49910778e-02 7.37180685e-01 7.26166501e-01
6.45621356e-01 -4.48119378e-01 -6.18354430e-01 -4.61066802e-02 3.46790383e-01 8.93465313e-01 -2.85408271e-01 -1.49913436e-01 6.80374344e-01 -3.01734716e-02 7.32242339e-01 7.33176049e-01
6.33785797e-01 -4.55663957e-01 -6.25048872e-01 -4.03510047e-02 3.60171797e-01 8.88971065e-01 -2.82857756e-01 -1.52643360e-01 6.84537548e-01 -4.58535008e-02 7.27533082e-01 7.40163091e-01
6.23353452e-01 -4.60213774e-01 -6.32166099e-01 -3.52604305e-02 3.70051752e-01 8.85819240e-01 -2.79978282e-01 -1.55333741e-01 6.88833823e-01 -5.94084773e-02 7.22479911e-01 7.47517483e-01
6.13354954e-01 -4.63430924e-01 -6.39552714e-01 -3.00093104e-02 3.78764278e-01 8.83161518e-01 -2.76704271e-01 -1.58147518e-01 6.93060716e-01 -7.25215033e-02 7.17221059e-01 7.54694594e-01
6.03974726e-01 -4.65771483e-01 -6.46739211e-01 -2.49190872e-02 3.86048194e-01 8.80885621e-01 -2.73877969e-01 -1.60584539e-01 6.97266871e-01 -8.42568303e-02 7.11841440e-01 7.61854728e-01
5.94805994e-01 -4.67049052e-01 -6.54271508e-01 -1.98930406e-02 3.92114530e-01 8.79078925e-01 -2.71050322e-01 -1.63015622e-01 7.01749143e-01 -9.53266819e-02 7.06016685e-01 7.69237300e-01
5.85449087e-01 -4.68422272e-01 -6.61687369e-01 -1.47868591e-02 3.98032803e-01 8.77120497e-01 -2.68758994e-01 -1.65230828e-01 7.06271274e-01 -1.06028224e-01 6.99955381e-01 7.76537803e-01
5.75982049e-01 -4.69569692e-01 -6.69140674e-01 -9.50374629e-03 4.03705915e-01 8.75169685e-01 -2.66648569e-01 -1.67426112e-01 7.10820750e-01 -1.16550892e-01 6.93648627e-01 7.83750695e-01
5.66928986e-01 -4.69588600e-01 -6.76814855e-01 -3.97299640e-03 4.08456667e-01 8.73742928e-01 -2.64080214e-01 -1.69802047e-01 7.15370298e-01 -1.26734425e-01 6.87155308e-01 7.90749309e-01
5.58425045e-01 -4.69494217e-01 -6.83912941e-01 1.55541884e-03 4.12566712e-01 8.72425883e-01 -2.62037606e-01 -1.71822999e-01 7.19687487e-01 -1.35830956e-01 6.80880702e-01 7.97141642e-01
5.50778261e-01 -4.69438589e-01 -6.90123902e-01 6.74659318e-03 4.16574502e-01 8.71105185e-01 -2.60083437e-01 -1.73868818e-01 7.23262715e-01 -1.44239306e-01 6.75340471e-01 8.03143171e-01
5.43648334e-01 -4.69397112e-01 -6.95782409e-01 1.18057501e-02 4.19757823e-01 8.69927765e-01 -2.58903535e-01 -1.75505642e-01 7.26807976e-01 -1.51307208e-01 6.69966426e-01 8.08817949e-01
5.36829612e-01 -4.69498781e-01 -7.00988691e-01 1.66980173e-02 4.22527995e-01 8.68767825e-01 -2.58291557e-01 -1.76979720e-01 7.30262946e-01 -1.57528361e-01 6.64755228e-01 8.14311410e-01
5.30288729e-01 -4.69322161e-01 -7.06067164e-01 2.16475417e-02 4.25353580e-01 8.67685700e-01 -2.57289279e-01 -1.78648516e-01 7.33394904e-01 -1.63890145e-01 6.59750404e-01 8.19408236e-01
5.24138850e-01 -4.69056294e-01 -7.10819885e-01 2.63520429e-02 4.27707312e-01 8.66742197e-01 -2.56566374e-01 -1.80180328e-01 7.36440670e-01 -1.69545998e-01 6.54910653e-01 8.24336012e-01
5.18502552e-01 -4.69448556e-01 -7.14684190e-01 3.02690209e-02 4.29273536e-01 8.65764858e-01 -2.57249667e-01 -1.81027392e-01 7.39512922e-01 -1.73409922e-01 6.50421707e-01 8.29195839e-01
5.12952537e-01 -4.69953619e-01 -7.18347902e-01 3.40211472e-02 4.31026731e-01 8.64696138e-01 -2.57911907e-01 -1.81925979e-01 7.42358259e-01 -1.77330084e-01 6.46109212e-01 8.33914074e-01
5.07412962e-01 -4.71275109e-01 -7.21409911e-01 3.74618516e-02 4.33025379e-01 8.63260960e-01 -2.59367587e-01 -1.82543688e-01 7.44997446e-01 -1.80781828e-01 6.42102457e-01 8.38407579e-01
5.02423765e-01 -4.71572191e-01 -7.24700233e-01 4.12466428e-02 4.34713486e-01 8.62302690e-01 -2.59731144e-01 -1.83696156e-01 7.47391901e-01 -1.84541362e-01 6.38238722e-01 8.42620516e-01
4.97652652e-01 -4.73326898e-01 -7.26845121e-01 4.42463879e-02 4.36293569e-01 8.60854960e-01 -2.61875285e-01 -1.83978144e-01 7.49659830e-01 -1.86794426e-01 6.34914776e-01 8.46667813e-01
4.93223506e-01 -4.73632912e-01 -7.29659363e-01 4.79888485e-02 4.37950949e-01 8.59928428e-01 -2.62152863e-01 -1.85167761e-01 7.51618032e-01 -1.90254562e-01 6.31563401e-01 8.50450571e-01
4.89395559e-01 -4.77049780e-01 -7.30010835e-01 5.02336609e-02 4.39417874e-01 8.57970102e-01 -2.66084994e-01 -1.84422487e-01 7.53262296e-01 -1.90558488e-01 6.29509479e-01 8.53639429e-01
4.85850264e-01 -4.78204807e-01 -7.31621470e-01 5.37156583e-02 4.40382485e-01 8.56975013e-01 -2.67692066e-01 -1.84735541e-01 7.54991995e-01 -1.92134515e-01 6.26953098e-01 8.56643141e-01
4.82547351e-01 -4.81154434e-01 -7.31873389e-01 5.61236335e-02 4.40965907e-01 8.55430829e-01 -2.71641318e-01 -1.83963068e-01 7.56767566e-01 -1.91650918e-01 6.24957160e-01 8.59710618e-01
4.79998771e-01 -4.84054611e-01 -7.31636869e-01 5.84807308e-02 4.41215396e-01 8.54043096e-01 -2.75574282e-01 -1.83127049e-01 7.58241485e-01 -1.90533640e-01 6.23510586e-01 8.62350337e-01
4.77593668e-01 -4.86938045e-01 -7.31297332e-01 6.08079587e-02 4.41554234e-01 8.52636025e-01 -2.79362547e-01 -1.82369338e-01 7.59561799e-01 -1.89485157e-01 6.22221740e-01 8.64894931e-01
4.76041708e-01 -4.89887026e-01 -7.30339089e-01 6.27182473e-02 4.41094013e-01 8.51466075e-01 -2.83625406e-01 -1.81194313e-01 7.60802441e-01 -1.87130184e-01 6.21418228e-01 8.67069752e-01
4.74165995e-01 -4.91512827e-01 -7.30466867e-01 6.50490739e-02 4.40542058e-01 8.50787385e-01 -2.86505166e-01 -1.80809346e-01 7.62292076e-01 -1.85949889e-01 6.19945168e-01 8.69921229e-01
4.71811105e-01 -4.92745545e-01 -7.31160803e-01 6.76774068e-02 4.40022198e-01 8.50202844e-01 -2.89028041e-01 -1.80539347e-01 7.64051410e-01 -1.85359876e-01 6.17952792e-01 8.72938835e-01
4.69393184e-01 -4.92901073e-01 -7.32610784e-01 7.06325293e-02 4.39165257e-01 8.50116899e-01 -2.90579984e-01 -1.80726237e-01 7.66031142e-01 -1.85340471e-01 6.15502784e-01 8.76172749e-01
4.67830949e-01 -4.93684252e-01 -7.33082593e-01 7.32199445e-02 4.38036419e-01 8.49927303e-01 -2.92829790e-01 -1.80427267e-01 7.67631508e-01 -1.84121562e-01 6.13872658e-01 8.78561962e-01
4.67027347e-01 -4.93760753e-01 -7.33543320e-01 7.61778611e-02 4.37469821e-01 8.49955460e-01 -2.93594059e-01 -1.80682336e-01 7.68443470e-01 -1.83786141e-01 6.12956586e-01 8.79860665e-01
4.65475998e-01 -4.95039645e-01 -7.33667445e-01 7.82008492e-02 4.36353204e-01 8.49558436e-01 -2.96391592e-01 -1.79922721e-01 7.70018047e-01 -1.82174493e-01 6.11459900e-01 8.81829552e-01
4.64161934e-01 -4.97913381e-01 -7.32554415e-01 7.92469487e-02 4.35416464e-01 8.48482060e-01 -3.00819320e-01 -1.78256917e-01 7.71340361e-01 -1.79336912e-01 6.10631478e-01 8.83400155e-01
4.62477643e-01 -5.00412024e-01 -7.31916832e-01 8.05808878e-02 4.34511249e-01 8.47496755e-01 -3.04878283e-01 -1.76641512e-01 7.72861011e-01 -1.77026243e-01 6.09381700e-01 8.85002146e-01
4.61425646e-01 -5.03221056e-01 -7.30653816e-01 8.16748464e-02 4.33692454e-01 8.46403313e-01 -3.09053163e-01 -1.74680619e-01 7.73948953e-01 -1.74273528e-01 6.08794119e-01 8.86026879e-01
4.59704333e-01 -5.05937912e-01 -7.29862181e-01 8.28294594e-02 4.32585933e-01 8.45328398e-01 -3.13513718e-01 -1.72417268e-01 7.75590817e-01 -1.71604034e-01 6.07461504e-01 8.87382533e-01
4.58746855e-01 -5.08402697e-01 -7.28751084e-01 8.36000426e-02 4.31716012e-01 8.44362542e-01 -3.17292939e-01 -1.70421463e-01 7.76641788e-01 -1.69055909e-01 6.06832964e-01 8.88293543e-01
4.57592622e-01 -5.11090922e-01 -7.27595472e-01 8.39470915e-02 4.31368130e-01 8.43150247e-01 -3.20968575e-01 -1.68271009e-01 7.77515475e-01 -1.66988195e-01 6.06286399e-01 8.89218514e-01
4.55630725e-01 -5.12701639e-01 -7.27693403e-01 8.52373302e-02 4.31428665e-01 8.42237963e-01 -3.23273976e-01 -1.66454958e-01 7.78633186e-01 -1.66653796e-01 6.04942434e-01 8.90050909e-01
4.53421792e-01 -5.13928098e-01 -7.28207789e-01 8.68530980e-02 4.31681215e-01 8.41427173e-01 -3.25043338e-01 -1.64696759e-01 7.79781783e-01 -1.66971456e-01 6.03373295e-01 8.90594297e-01
