0 0.00033628308725616696 0.08841231503091292 100 8.47457627118644
0 0.000838656797193895 0.06876955854863304 200 9.433962264150942
0 0.0004868913077686069 0.05628527106306803 300 10.416666666666666
0 0.00045332850960573643 0.08090664687066454 400 10.471204188481675
0 0.000498387402975166 0.10206592080844741 500 10.416666666666666
0 0.00047018656889638355 0.11543411323618176 600 10.416666666666666
0 0.00047523532326870587 0.12704189494652365 700 10.27900146842878
0 0.00041678484958797404 0.12644712507936406 800 10.282776349614394
10 0.00040506145208496643 0.09188027741838628 100 9.009009009009008
10 0.0008767028179515732 0.06975187463177687 200 9.75609756097561
10 0.0005111052993474503 0.05500695388186403 300 10.714285714285714
10 0.0004729471786700526 0.08208454361032126 400 10.666666666666666
10 0.0005106239478589727 0.10545566190160936 500 10.570824524312895
10 0.0004883765501208115 0.11901036422634169 600 10.544815465729348
10 0.0004896842032409266 0.13166657014281272 700 10.37037037037037
10 0.0004222060024385018 0.12933614886131214 800 10.376134889753565
20 0.0004559079838523041 0.08884897596516965 100 9.615384615384615
20 0.0009469624779149394 0.06624705859702268 200 10.0
20 0.0005357173211144384 0.05738625517876347 300 10.94890510948905
20 0.0004894469213937437 0.08611471379249717 400 10.81081081081081
20 0.0005161409532790879 0.11049321100100651 500 10.70663811563169
20 0.0005001391337096937 0.12333184872725401 600 10.657193605683835
20 0.0005047434503115949 0.13693408669226387 700 10.447761194029852
20 0.00042781986478073575 0.1326335767967185 800 10.471204188481675
30 0.0005005698617446238 0.07974393273234467 100 10.1010101010101
30 0.0010114600750236616 0.05947028605996715 200 10.256410256410257
30 0.0005609993117895636 0.062090618371362954 300 11.194029850746269
30 0.0005074773917684578 0.09326345212075612 400 10.92896174863388
30 0.0005286818554732483 0.11833025083094113 500 10.822510822510822
30 0.0005126324831748347 0.13026923608965976 600 10.75268817204301
30 0.0005187706275560939 0.1445955607285824 700 10.510510510510509
30 0.00043536964858416837 0.13753024769318162 800 10.554089709762533
40 0.0005590192081745815 0.07240742302429277 100 10.638297872340425
40 0.0009870392572105364 0.047142431731799495 200 10.471204188481675
40 0.0005576050108286371 0.06936288403786631 300 11.406844106463877
40 0.0005095077238849446 0.09810579004664659 400 11.019283746556473
40 0.0005230548156023841 0.12046596321589999 500 10.917030567685588
40 0.0005096572812920488 0.13023001626030037 600 10.830324909747292
40 0.0005245777703087089 0.144641635758105 700 10.542168674698795
40 0.0004298600380876437 0.13522254920895427 800 10.624169986719789
50 0.0006153696378179907 0.0665630742576742 100 10.989010989010989
50 0.0010104697383645528 0.038258326658516306 200 10.638297872340425
50 0.0005610795226743594 0.0758412834864879 300 11.538461538461538
50 0.0005288843370968725 0.10644693843444421 400 11.080332409972298
50 0.0005509201204278207 0.12869490008432904 500 10.989010989010989
50 0.0005160309181155007 0.13701453654973775 600 10.88929219600726
50 0.0005401826011565485 0.15266025397494276 700 10.558069381598793
50 0.00043707052274890706 0.14011182034539293 800 10.680907877169558
60 0.0006766479692168249 0.06504000806406768 100 11.363636363636363
60 0.001015145642447203 0.03211582828678859 200 10.81081081081081
60 0.0005691178444646678 0.08338587242120883 300 11.627906976744185
60 0.0005615244514898208 0.11636222660458953 400 11.080332409972298
60 0.0005626828957032804 0.13794892539094653 500 11.013215859030836
60 0.0005257660439132314 0.14479128383671325 600 10.909090909090908
60 0.0005637529925727606 0.16128082416867184 700 10.558069381598793
60 0.0004513407270649221 0.14588046337813462 800 10.72386058981233
70 0.0006617687185062819 0.07292584614006374 100 11.494252873563218
70 0.0009765638378462578 0.032216224982296156 200 10.92896174863388
70 0.0005623680133868068 0.0924058606468236 300 11.627906976744185
70 0.0005650284522937156 0.12159792002691852 400 11.080332409972298
70 0.0005587101845425517 0.14200435364835526 500 10.964912280701753
70 0.0005237822385449069 0.145508731699058 600 10.909090909090908
70 0.0005501626817289335 0.16108623733522878 700 10.558069381598793
70 0.0004462566728545764 0.14458510333586905 800 10.767160161507404
80 0.000626094961900866 0.08160995475108407 100 11.494252873563218
80 0.0009829914318899367 0.049165763459932475 200 11.049723756906076
80 0.0005620416930168338 0.10182773739931178 300 11.583011583011581
80 0.000600770907169804 0.13072131983824922 400 11.049723756906076
80 0.0005693822442102705 0.15140599845631753 500 10.940919037199125
80 0.0005380604227592079 0.1520193962551713 600 10.88929219600726
80 0.0005454822456027427 0.16518465965797674 700 10.558069381598793
80 0.00044677362610115787 0.1487181801381027 800 10.79622132253711
90 0.000828335153835826 0.07919825355565234 100 11.494252873563218
90 0.0009111693308929619 0.06818464442865657 200 11.235955056179774
90 0.0005489483950290305 0.1113442933313901 300 11.538461538461538
90 0.0006278786490697474 0.1379750761408017 400 11.049723756906076
90 0.0005564817757840761 0.1548540848547091 500 10.917030567685588
90 0.0005391320030021496 0.15586487261886595 600 10.849909584086799
90 0.0005220010248727812 0.16532760727354534 700 10.558069381598793
90 0.0004463916093034189 0.15003715253409872 800 10.825439783491204
100 0.0010754025344347578 0.07349674923510531 100 11.235955056179774
100 0.0008293192613402836 0.08782923036104257 200 11.428571428571429
100 0.0005654632399928353 0.1201314393940878 300 11.450381679389311
100 0.0006262714101128851 0.14170344168334104 400 11.019283746556473
100 0.0005496946486190379 0.15396800624775125 500 10.917030567685588
100 0.0005350310129257561 0.15567995929818557 600 10.771992818671453
100 0.0005007446704849376 0.16162127647271934 700 10.558069381598793
100 0.00044387857460743 0.14705489178970554 800 10.854816824966079
110 0.0013582880825098226 0.06006939007203045 100 10.869565217391303
110 0.000753556447479763 0.1100354463641826 200 11.560693641618496
110 0.0005893583576251215 0.12870908844357476 300 11.406844106463877
110 0.0006268226222743287 0.14582359810312406 400 11.019283746556473
110 0.0005647753347383258 0.1545743543356232 500 10.917030567685588
110 0.000549633694354924 0.15788733954288 600 10.695187165775401
110 0.0004902482469602939 0.1590276737156743 700 10.574018126888218
110 0.00044799747660398696 0.14620637953498325 800 10.854816824966079
120 0.0015481565362093824 0.03640222943559024 100 10.416666666666664
120 0.0007058045790177493 0.12801738497368656 200 11.695906432748536
120 0.0006159125995672484 0.13623468031900232 300 11.278195488721805
120 0.0006290770178784121 0.14797891946043898 400 11.019283746556473
120 0.000578806888168892 0.15307394018449988 500 10.893246187363832
120 0.0005701975571747766 0.1598895360307517 600 10.600706713780918
120 0.00047561735153446566 0.1551015734933868 700 10.59001512859304
120 0.0004645963919729018 0.1448045006981974 800 10.825439783491204
130 0.0016996010163797578 0.023338401381012053 100 10.204081632653061
130 0.0007328862679021798 0.13817313988104024 200 11.764705882352942
130 0.0006332946898540527 0.1437965609117675 300 11.152416356877323
130 0.0006309298121707788 0.15452466361909958 400 10.95890410958904
130 0.0005929509012958619 0.1564294913935765 500 10.845986984815617
130 0.0005855329982260612 0.16607378662569275 600 10.526315789473685
130 0.0004784385796763483 0.15571246087295387 700 10.59001512859304
130 0.00047740320004732224 0.14814389532966157 800 10.79622132253711
140 0.0016086533195982682 0.04375593540220138 100 10.1010101010101
140 0.000688184688907087 0.1493286119357521 200 11.695906432748536
140 0.0006289641441885796 0.14877510679391048 300 11.02941176470588
140 0.0006379556763193434 0.15613507982973984 400 10.92896174863388
140 0.0005782645786997473 0.1552732725540314 500 10.822510822510822
140 0.0005951228587769245 0.16748484829919524 600 10.452961672473867
140 0.0004692553658399657 0.15246865645720964 700 10.606060606060606
140 0.0004893953361676325 0.14858507027254242 800 10.767160161507404
150 0.001513430625599287 0.09114062640062713 100 10.204081632653061
150 0.0006782928050278688 0.15925359407156314 200 11.627906976744187
150 0.0006555091164358519 0.15549737813700906 300 10.909090909090908
150 0.0006444129410355242 0.16112517241909408 400 10.840108401084011
150 0.0005758140694046808 0.1576518896014221 500 10.775862068965516
150 0.0005969612192008735 0.1708991037633086 600 10.398613518197573
150 0.00047145759476210745 0.15249658374330244 700 10.638297872340425
150 0.0004971934367943397 0.1531984658052965 800 10.75268817204301
160 0.001669873432112611 0.14508460063449938 100 10.309278350515463
160 0.0007701123424373447 0.17472133425391292 200 11.560693641618496
160 0.0007292642232792196 0.17572932439343356 300 10.869565217391305
160 0.0006750869151018105 0.18360870763527223 400 10.78167115902965
160 0.0006178048307621258 0.17576462169830429 500 10.75268817204301
160 0.0006052077314672336 0.18766196102791918 600 10.380622837370241
160 0.00049525100143824 0.1661269527594497 700 10.670731707317072
160 0.0005268777078275596 0.17086635923397367 800 10.75268817204301
170 0.0016554590802083209 0.19203294434178594 100 10.638297872340425
170 0.0007875587971204298 0.18922675540262632 200 11.494252873563218
170 0.0008003128561878873 0.19034121742189875 300 10.830324909747292
170 0.0006861039254156873 0.1960706885718883 400 10.75268817204301
170 0.0006322938532852453 0.18619763650694454 500 10.729613733905579
170 0.0006019984459232932 0.1944869477277318 600 10.380622837370241
170 0.0005009146515628994 0.17293405048248386 700 10.703363914373087
170 0.0005332883641573163 0.1808142342770548 800 10.767160161507404
180 0.0011727345612790254 0.22000041831090492 100 10.989010989010989
180 0.0006702472019248498 0.17723350115808167 200 11.428571428571429
180 0.0007093758421070448 0.16576077432101663 300 10.869565217391305
180 0.0005933403978572557 0.1674856618916381 400 10.75268817204301
180 0.0005596936590893559 0.16169846593498963 500 10.683760683760683
180 0.0005196143066831129 0.16729810496361425 600 10.398613518197573
180 0.0004545642064735852 0.1488574356928061 700 10.736196319018404
180 0.0004825058265481894 0.16036059399602215 800 10.767160161507404
190 0.0008128640286317448 0.24323877316276113 100 11.494252873563218
190 0.0005557968894063285 0.16203353047942787 200 11.494252873563218
190 0.0006079076710647397 0.14103509267224393 300 10.909090909090908
190 0.000519186612574473 0.14018997132759814 400 10.81081081081081
190 0.0005100960627534005 0.13833945474890433 500 10.638297872340425
190 0.0004547111135878618 0.14080984906402536 600 10.434782608695652
190 0.00041458036480649193 0.12525112870766858 700 10.785824345146379
190 0.00043639381336194776 0.13878031140697333 800 10.75268817204301
200 0.0005661451230471786 0.256263116209802 100 12.19512195121951
200 0.00048061894549793324 0.14435697865705074 200 11.560693641618496
200 0.0005285447902060183 0.11595413172748327 300 11.02941176470588
200 0.0004726119631634008 0.11574062340496853 400 10.869565217391303
200 0.00047268123502347683 0.11954737339978573 500 10.638297872340425
200 0.0004028113481954518 0.11828833020165415 600 10.507880910683012
200 0.00038393527908563954 0.10510136505834228 700 10.819165378670787
200 0.00038966066682344694 0.11877085473488515 800 10.72386058981233
210 0.00048755031233588145 0.2648762348608464 100 12.82051282051282
210 0.0004204002417187411 0.12208530641528295 200 11.695906432748536
210 0.00046329459357262367 0.09017526496529768 300 11.11111111111111
210 0.00042036421853501425 0.09202825629022841 400 10.92896174863388
210 0.0004360057509160411 0.10344788755061482 500 10.615711252653927
210 0.00035012449541407846 0.0973055576206734 600 10.56338028169014
210 0.00036660043736329583 0.08576677133878857 700 10.852713178294573
210 0.0003620780467689953 0.09938014634957958 800 10.7095046854083
220 0.0005272832851704386 0.2592884867648821 100 13.333333333333334
220 0.0004037916519214383 0.10324927760811446 200 11.695906432748536
220 0.00042395318072738756 0.07483467980409557 300 11.194029850746269
220 0.00040998457193082823 0.08069389906452258 400 10.989010989010989
220 0.0004290203003188158 0.09725798653220126 500 10.59322033898305
220 0.00032118029002572106 0.08663025244368457 600 10.619469026548673
220 0.0003675732647368032 0.07653503712663073 700 10.852713178294573
220 0.0003617642408525075 0.08803453599879793 800 10.666666666666666
230 0.0004897497807768257 0.24714239306258548 100 13.6986301369863
230 0.0003632656999200993 0.08334602096892915 200 11.560693641618496
230 0.0004001964144438525 0.06333152634162142 300 11.194029850746269
230 0.0004005868767880917 0.07420242289770144 400 10.989010989010989
230 0.00042267683097215033 0.09232143496428151 500 10.548523206751053
230 0.0003102278935636045 0.0771784282466866 600 10.657193605683835
230 0.0003796293019262147 0.06868301640657543 700 10.852713178294573
230 0.0003906312551204915 0.0758473305698947 800 10.58201058201058
240 0.0005475754289267262 0.21274104810027394 100 13.513513513513512
240 0.0003564463704480256 0.06199307268808558 200 11.428571428571429
240 0.00041197594982654497 0.060054314801861894 300 11.152416356877323
240 0.0003932865855122861 0.07746062804158978 400 10.95890410958904
240 0.0004282240210578234 0.09449821115078706 500 10.460251046025103
240 0.0003110606628637035 0.07382884941510694 600 10.676156583629894
240 0.0003942990002605546 0.06719252576109563 700 10.835913312693497
240 0.00038669623211026234 0.06715581257161019 800 10.498687664041995
250 0.00047532557203147055 0.15801046522118484 100 13.157894736842104
250 0.000383840001986464 0.04518538999639964 200 11.173184357541897
250 0.0004285663588457797 0.06479357376896143 300 10.989010989010989
250 0.0004059883203671464 0.08648990965177644 400 10.869565217391303
250 0.00042545910239844584 0.09652075381081357 500 10.395010395010395
250 0.00031791468907741045 0.07164342724939585 600 10.695187165775401
250 0.00040485819894480585 0.06850145512647651 700 10.819165378670787
250 0.0003823867236547734 0.058929545113457396 800 10.430247718383312
260 0.0005118852638852717 0.09205161403866687 100 12.5
260 0.00043799419705224836 0.04757428661342075 200 10.92896174863388
260 0.0004238636731903654 0.07524928737890099 300 10.79136690647482
260 0.00042572189242148 0.1025092394460486 400 10.75268817204301
260 0.0004018713501261804 0.10047228983017084 500 10.309278350515465
260 0.00031704659019866574 0.07307273353758421 600 10.676156583629894
260 0.0004120261412934365 0.07329035909827387 700 10.76923076923077
260 0.00038154811269006426 0.052882216942476905 800 10.376134889753565
270 0.0004713287251425603 0.03718558551123797 100 11.627906976744187
270 0.0005164734629304606 0.07119210976937831 200 10.695187165775401
270 0.0004510175504471222 0.09649071164027906 300 10.600706713780918
270 0.00046926708871118493 0.12291307943870304 400 10.526315789473685
270 0.0004001995922553479 0.10772819421351751 500 10.245901639344261
270 0.00034517506353066193 0.07786190043579892 600 10.657193605683835
270 0.00040983169243313713 0.08287939485135684 700 10.703363914373087
270 0.0003961963798604327 0.04964415450912616 800 10.309278350515463
280 0.00042954916945819947 0.04031072463537597 100 10.869565217391303
280 0.0005760864052578821 0.09758818467430892 200 10.471204188481675
280 0.0004972797497011817 0.1146863215608806 300 10.452961672473867
280 0.0005133002464902447 0.13721946783470418 400 10.282776349614394
280 0.0004031473660685687 0.11126141770119105 500 10.183299389002036
280 0.00037192378501699756 0.08152527533481867 600 10.600706713780918
280 0.0003859574733050913 0.08869423936794979 700 10.542168674698795
280 0.0003796538928771511 0.04646288130681756 800 10.243277848911651
290 0.0005312226389557691 0.08503273714666251 100 10.416666666666664
290 0.0006108642768837344 0.12189487098155341 200 10.309278350515463
290 0.0005460220272833405 0.1297763144966949 300 10.344827586206897
290 0.0005451082965048603 0.14724133856389432 400 10.1010101010101
290 0.00039448348270844347 0.11156193163354984 500 10.16260162601626
290 0.0004111281953327234 0.08322174531606584 600 10.526315789473685
290 0.0004026654739111911 0.09018729612421027 700 10.385756676557863
290 0.0003662931425241459 0.04245756591544602 800 10.19108280254777
300 0.0005109960920053148 0.12228337048945243 100 9.9009900990099
300 0.0005935960822906748 0.1367647266815664 200 10.204081632653061
300 0.0005504533714443991 0.1391635481241357 300 10.273972602739725
300 0.000546034088729242 0.1490864007189129 400 9.950248756218905
300 0.0003859615549145076 0.10687174028879107 500 10.16260162601626
300 0.0004290917604675448 0.0810712388131306 600 10.471204188481675
300 0.00045512790905856523 0.08296057289210698 700 10.248901903367496
300 0.00035702245571473594 0.035887780853033485 800 10.139416983523446
310 0.0005602190486927841 0.14907556483291837 100 9.70873786407767
310 0.0006405872105852691 0.14748922019497696 200 10.15228426395939
310 0.0005570424209239477 0.14908562231938474 300 10.238907849829351
310 0.0005687977197267574 0.1518542201135226 400 9.876543209876543
310 0.00038949500966801184 0.10550009228419197 500 10.204081632653061
310 0.0004536126958513705 0.08296278999804345 600 10.452961672473867
310 0.0004719698002829381 0.07890385293661044 700 10.15965166908563
310 0.0003511070719716567 0.03352180289304188 800 10.050251256281406
320 0.0006365515007599847 0.15985020213802337 100 9.615384615384615
320 0.0006526614286783933 0.15186294352354351 200 10.1010101010101
320 0.0005691941665165228 0.1539694817664513 300 10.238907849829351
320 0.0005774707859632813 0.15018831084822334 400 9.828009828009828
320 0.00039965156556408515 0.10164537980520369 500 10.245901639344261
320 0.00046633058827064014 0.08520480674235147 600 10.452961672473867
320 0.00045999502553301753 0.07219850168324564 700 10.115606936416185
320 0.0003496453575978103 0.029712940549703776 800 9.9626400996264
330 0.0006763680119769336 0.16050855112601334 100 9.523809523809524
330 0.0006279232856526107 0.14913366986164622 200 10.050251256281406
330 0.0005784990933853727 0.15559318687585574 300 10.238907849829351
330 0.0005493401778040264 0.14399545909136222 400 9.852216748768473
330 0.00039399610346172077 0.09557376521232795 500 10.309278350515465
330 0.00047367680972127275 0.08475184630230209 600 10.489510489510488
330 0.0004535297541923096 0.06484537183946278 700 10.115606936416185
330 0.0003473704694938343 0.024803511862366606 800 9.925558312655086
340 0.0008276761461209266 0.15701332022939915 100 9.615384615384615
340 0.0006624365366559476 0.14877761844622095 200 10.0
340 0.0006035548296547982 0.16086563920317756 300 10.238907849829351
340 0.0005444297613388352 0.13965615678356472 400 9.852216748768473
340 0.00039472685837169667 0.09339279695606896 500 10.373443983402488
340 0.0004774745165643238 0.08777755597869885 600 10.507880910683012
340 0.0004539604329671736 0.06035093316736213 700 10.115606936416185
340 0.00035071023219354917 0.02160819605447652 800 9.913258983890954
350 0.0008904890963352026 0.15615247149238803 100 9.70873786407767
350 0.0006208276229806634 0.14950676421498094 200 10.050251256281406
350 0.0005978367689950234 0.1634050286871294 300 10.204081632653061
350 0.0005051569679958668 0.1326208165076827 400 9.9009900990099
350 0.0003911018574707391 0.08915263787459674 500 10.4384133611691
350 0.0004533743981324234 0.08940544699925138 600 10.526315789473685
350 0.00045304058057302866 0.055038710642202476 700 10.130246020260492
350 0.0003516658602435461 0.01821806924790439 800 9.925558312655086
360 0.000855357047381522 0.15138268519027032 100 9.80392156862745
360 0.000582672068668353 0.1423967944876586 200 10.1010101010101
360 0.0005716251396264987 0.1588738628554557 300 10.135135135135135
360 0.00046374351561779257 0.12054116172167528 400 9.950248756218905
360 0.0003798840499965724 0.07939449460170916 500 10.482180293501047
360 0.0004209644259645439 0.08305595908664147 600 10.507880910683012
360 0.00042377550109175196 0.04333277374276213 700 10.130246020260492
360 0.00034249952937998057 0.00933384680223201 800 9.937888198757763
370 0.0008061915235762994 0.14778511113011308 100 9.9009900990099
370 0.0005822540540375976 0.1357506174009992 200 10.15228426395939
370 0.0005852466190629346 0.15395492979137104 300 10.03344481605351
370 0.0004258245182698559 0.10931210298325228 400 10.0
370 0.00037354191667034685 0.07117354338903172 500 10.526315789473685
370 0.0003857723707146348 0.07515005375351079 600 10.452961672473867
370 0.00038589558776132434 0.03219987254441822 700 10.130246020260492
370 0.0003235515388443209 0.0020035652586916307 800 9.950248756218905
380 0.0007582550902339472 0.1433869287058801 100 10.0
380 0.0005663017122429078 0.12888097408032076 200 10.204081632653061
380 0.0005627288824695488 0.14642430483419308 300 9.966777408637872
380 0.0003885416110538229 0.09653566439398845 400 10.050251256281406
380 0.000377475187356667 0.062083378029546124 500 10.526315789473685
380 0.0003785835445188789 0.0677497528946316 600 10.380622837370241
380 0.00035337736302418774 0.022998599637420222 700 10.144927536231885
380 0.0003071411107536217 0.008012976573981747 800 9.9626400996264
390 0.0007171170407971046 0.13927883785083645 100 10.204081632653061
390 0.0005914656886304782 0.12728842884618205 200 10.309278350515463
390 0.0005856224223073065 0.14135546467749321 300 9.933774834437084
390 0.00037600733458026717 0.08812045131758398 400 10.1010101010101
390 0.00039746007075296147 0.057185117732531585 500 10.526315789473685
390 0.0004028122983573441 0.06204182536382449 600 10.344827586206897
390 0.0003488665466593777 0.017027225921368534 700 10.144927536231885
390 0.00030980305189373447 0.013521958699297449 800 9.975062344139651
400 0.0007037713034372201 0.1356520731401082 100 10.309278350515463
400 0.0005896587538666106 0.12635661819079513 200 10.362694300518134
400 0.000575630845157284 0.13379499486474836 300 9.900990099009901
400 0.0003628230548332004 0.07956963130650119 400 10.204081632653061
400 0.0004161241252266529 0.05153242069500465 500 10.548523206751053
400 0.0004555552969606046 0.05386996300363523 600 10.273972602739725
400 0.0003394201860446272 0.011231615641457308 700 10.144927536231885
400 0.00029945304913769156 0.018658749446016 800 10.0
410 0.0007379369926959429 0.12589296628489183 100 10.416666666666664
410 0.0005726997994873671 0.1250068718475875 200 10.471204188481675
410 0.0005761814480125905 0.12587128689052707 300 9.900990099009901
410 0.0003511093488070894 0.07078484758674564 400 10.282776349614394
410 0.00043124063825597596 0.046574754220458384 500 10.570824524312895
410 0.00046397519322782186 0.045947687755650696 600 10.221465076660987
410 0.00033302168098146476 0.00782398421618833 700 10.101010101010102
410 0.00028789982241970004 0.023263453295441258 800 10.025062656641603
420 0.0006754463069580018 0.11996706688174877 100 10.526315789473685
420 0.0005723087533369353 0.12741657645517326 200 10.471204188481675
420 0.0005813074004072822 0.1178449703915324 300 9.868421052631579
420 0.00034853800587382466 0.06262457652531192 400 10.362694300518134
420 0.0004352423868596424 0.0439087888775857 500 10.615711252653927
420 0.0004410160128973575 0.03676628170533387 600 10.186757215619693
420 0.00031446274193299757 0.00511348111864509 700 10.014306151645206
420 0.0002698896636870748 0.027988183418200828 800 10.062893081761006
430 0.0006450371554550927 0.11277017434936884 100 10.416666666666664
430 0.0005627534139979878 0.12741591488515924 200 10.526315789473685
430 0.0005362302499460075 0.10592805914791573 300 9.868421052631579
430 0.00033217580306271787 0.053087455045279695 400 10.443864229765012
430 0.0004375301040987509 0.04135059353240775 500 10.638297872340425
430 0.0004255144891603349 0.028422591466860474 600 10.186757215619693
430 0.0003103608017277465 0.006404253825026895 700 9.97150997150997
430 0.00025899432686645797 0.03236660494593491 800 10.088272383354349
440 0.0006090790612057236 0.09074357337877678 100 10.309278350515463
440 0.0005571558664555182 0.13083779554124067 200 10.526315789473685
440 0.0004904961445242446 0.09499800886452581 300 9.900990099009901
440 0.0003039617130277846 0.045906000904389774 400 10.526315789473685
440 0.00042489089204993504 0.03795155159780115 500 10.683760683760683
440 0.0004017863056111678 0.019651088144269198 600 10.186757215619693
440 0.00029295503619869857 0.010650939040086852 700 9.943181818181817
440 0.00025103252553134977 0.03558630130312716 800 10.126582278481013
450 0.0004921975511763943 0.08911628021746071 100 10.309278350515463
450 0.0005430521902871577 0.13519327249161184 200 10.416666666666664
450 0.0003982120945165113 0.08414044400282993 300 9.933774834437084
450 0.0002690396669009584 0.039439465322657664 400 10.58201058201058
450 0.0003910354825509609 0.034970723815082684 500 10.683760683760683
450 0.00038492360642827605 0.01004462401415262 600 10.186757215619693
450 0.0002790170215918009 0.01644973337119873 700 9.943181818181817
450 0.00024173130344668853 0.03860955545545831 800 10.15228426395939
460 0.00037420572026160525 0.08770154173061685 100 10.309278350515463
460 0.00047981797530102717 0.13433876498060734 200 10.256410256410257
460 0.00034204549853682925 0.07369449765453992 300 9.933774834437084
460 0.00026553174331911926 0.034798982804204945 400 10.638297872340425
460 0.00035535108875481703 0.035120836193562224 500 10.638297872340425
460 0.0003645744884066394 0.007442170301220717 600 10.169491525423728
460 0.0002834757795027431 0.02000050965330106 700 9.943181818181817
460 0.00023880138638233085 0.03953738802455957 800 10.178117048346055
470 0.0003613042051244757 0.08387982397325505 100 10.309278350515463
470 0.00048701508978985316 0.1290004867813817 200 10.050251256281406
470 0.00032104764810991847 0.06509311449129888 300 9.966777408637872
470 0.00028097229377064387 0.030321150123029134 400 10.638297872340425
470 0.0003109359413552988 0.03461633396078602 500 10.526315789473685
470 0.00033756552242437824 0.008606823954152512 600 10.152284263959391
470 0.00027940231192519774 0.023558278517476973 700 9.929078014184396
470 0.00023548584902465225 0.04050275853215385 800 10.204081632653061
480 0.0003918257102203313 0.08292836464566818 100 10.309278350515463
480 0.0004755099266972939 0.12224865525264508 200 9.852216748768473
480 0.0002777745871721143 0.05628220400544065 300 10.0
480 0.0003079798962250371 0.025217458267306692 400 10.610079575596815
480 0.000314041697106324 0.031214370733231404 500 10.416666666666666
480 0.0003059892875148612 0.011271041341027604 600 10.135135135135135
480 0.00027155305451860226 0.02791646813573529 700 9.929078014184396
480 0.00022701704137889956 0.041916211560779175 800 10.243277848911651
490 0.0004699061256766091 0.09364298649165692 100 10.204081632653061
490 0.0005153799257945152 0.11445071048354867 200 9.70873786407767
490 0.00028731623747901304 0.048563059949203145 300 10.06711409395973
490 0.0003369788465431307 0.021487405039078214 400 10.58201058201058
490 0.00036551270327139443 0.029415245015841262 500 10.309278350515465
490 0.00031070054328983425 0.014141670361512423 600 10.1010101010101
490 0.00028471500817784355 0.03062902218397476 700 9.929078014184396
490 0.0002239008963527192 0.04300875067330209 800 10.269576379974325
500 0.0004385422583617913 0.10010288775081594 100 10.309278350515463
500 0.0005186829845788384 0.10380177123060577 200 9.615384615384615
500 0.00027468456850603595 0.04198917327978617 300 10.135135135135135
500 0.0003675600454452722 0.019329241091001922 400 10.58201058201058
500 0.0004230527768232359 0.02521545509358971 500 10.183299389002036
500 0.00030131943022878823 0.017403154364505617 600 10.050251256281406
500 0.00027717805437470525 0.03301936254223277 700 9.943181818181817
500 0.00022963050041473247 0.04260343490647358 800 10.309278350515463
510 0.0004840947091419514 0.11702991298139766 100 10.309278350515463
510 0.0005659575564477374 0.09732370860323378 200 9.523809523809524
510 0.00027438624108679864 0.035716326043318425 300 10.204081632653061
510 0.0003806164564658599 0.017449846277120578 400 10.58201058201058
510 0.00040771748190164027 0.018645502014728796 500 10.1010101010101
510 0.0002885316609337167 0.01904171351599632 600 9.950248756218905
510 0.0002635627933923694 0.036324870984256026 700 9.97150997150997
510 0.00024020610973094175 0.04412450353401213 800 10.335917312661499
520 0.0005181077130299864 0.12695167213933184 100 10.416666666666664
520 0.0005309989147691089 0.08705734018340489 200 9.523809523809524
520 0.0002562560623825703 0.029948447231571217 300 10.344827586206897
520 0.00038718389387481773 0.016815497597054613 400 10.638297872340425
520 0.0003938644816155417 0.013923212450869726 500 10.1010101010101
520 0.0002745799370026477 0.01959565213533032 600 9.884678747940692
520 0.0002509838409129808 0.03886806982286361 700 10.0
520 0.00024763870185383807 0.04449016049194889 800 10.38961038961039
530 0.0005199308298365186 0.15537507309147727 100 10.526315789473685
530 0.0005229837909078569 0.08657625636805223 200 9.56937799043062
530 0.0002733591006887374 0.0303759386993484 300 10.452961672473867
530 0.0004026268244345783 0.02365494773098586 400 10.695187165775401
530 0.00040119617478833386 0.01629759306031484 500 10.12145748987854
530 0.00028407163283075595 0.020764570165917703 600 9.852216748768472
530 0.00027024295226087483 0.039606223909438285 700 10.043041606886657
530 0.00028100497890411533 0.04435561959328228 800 10.443864229765012
540 0.0005352109734259993 0.18030089741300037 100 10.526315789473685
540 0.0004978030857581899 0.08517771500180872 200 9.661835748792269
540 0.0002737230510077688 0.03259174159814457 300 10.56338028169014
540 0.00040511943380551577 0.030281126494846836 400 10.75268817204301
540 0.0004117486469660368 0.018073872843629293 500 10.12145748987854
540 0.00029402822336640745 0.022760134078657433 600 9.852216748768472
540 0.00028797793269648317 0.040047976432163214 700 10.086455331412102
540 0.0002927601298649634 0.04399852181972392 800 10.484927916120578
550 0.0006093662234174274 0.18275875265457084 100 10.309278350515463
550 0.000444666745620441 0.0708248411508459 200 9.70873786407767
550 0.00029277263752938395 0.0263946807563244 300 10.676156583629894
550 0.0003887579640537165 0.03476173487238303 400 10.75268817204301
550 0.0004236226818160069 0.01924556812695809 500 10.12145748987854
550 0.0003109660821704328 0.02370935886165349 600 9.868421052631579
550 0.00029106121785661996 0.04153850101467401 700 10.130246020260492
550 0.0002987916976233845 0.044831287935331234 800 10.526315789473685
560 0.0006411645342374088 0.1786116325324728 100 9.80392156862745
560 0.000385551850870372 0.06133908153035849 200 9.70873786407767
560 0.0002987417119367532 0.023490444428337583 300 10.714285714285714
560 0.00035723287573881867 0.03483911337050937 400 10.638297872340425
560 0.0003883859890720349 0.01831719682575502 500 10.1010101010101
560 0.0003014670843613549 0.026277130045671598 600 9.852216748768472
560 0.00027395876085708717 0.0419751629558132 700 10.15965166908563
560 0.0002999810862443175 0.043788940139202356 800 10.554089709762533
570 0.000580222429497208 0.16521938248785234 100 9.523809523809524
570 0.0003324963938847344 0.05136307452449894 200 9.75609756097561
570 0.00029964664551502727 0.01952415664912893 300 10.676156583629894
570 0.00030585583509437267 0.032165786567624685 400 10.498687664041995
570 0.00034114737250807975 0.017659731938557514 500 10.080645161290322
570 0.000286397762613697 0.0275698448187095 600 9.852216748768472
570 0.00025816039693150276 0.04087598269208897 700 10.189228529839884
570 0.0003045351493037193 0.040974947579041465 800 10.596026490066226
580 0.0005445680666017815 0.14941022934214293 100 9.25925925925926
580 0.0002751717432830467 0.0434459033964149 200 9.852216748768473
580 0.0003147630515267155 0.018387673738126015 300 10.676156583629894
580 0.0003139856408071189 0.03081938792395988 400 10.362694300518134
580 0.00032106177750522723 0.01775398183236413 500 10.060362173038229
580 0.00028984244384860013 0.02777720484960086 600 9.852216748768472
580 0.00025797422129744376 0.03756070034124162 700 10.23391812865497
580 0.00031398859042429633 0.03649731022508402 800 10.624169986719789
590 0.0005704693609282347 0.12445854137095287 100 9.009009009009008
590 0.00027569759370117133 0.031227764996658046 200 9.950248756218905
590 0.0003517206060830733 0.017435790404286746 300 10.638297872340425
590 0.000399320292471712 0.028893636822383155 400 10.204081632653061
590 0.00031492266731040987 0.018799929859295888 500 10.020040080160319
590 0.0002899652683066072 0.02877274111214804 600 9.852216748768472
590 0.00025640149156533495 0.036065177003616326 700 10.263929618768328
590 0.0003233663071806145 0.03473923537400208 800 10.652463382157123
600 0.0007259649219178045 0.09618183228413521 100 8.849557522123893
600 0.0003195219373445522 0.021888978751458458 200 10.050251256281406
600 0.0004090792080480126 0.027379399092473503 300 10.600706713780918
600 0.00044214978847552795 0.03441032903366131 400 10.075566750629722
600 0.00033470503157155367 0.023139334037174542 500 9.92063492063492
600 0.00030778777525470767 0.02950708254730162 600 9.868421052631579
600 0.00028399553030002416 0.0343626603698771 700 10.294117647058824
600 0.00035026538235542867 0.033009067153310805 800 10.695187165775401
610 0.0008941554044448645 0.06575944942462598 100 8.695652173913043
610 0.00037000095615073 0.023651400590384362 200 10.15228426395939
610 0.0004275420716896475 0.04069267388114344 300 10.638297872340425
610 0.000433298684738484 0.04043174180815538 400 10.0
610 0.0003321554314374518 0.026628702395118834 500 9.803921568627452
610 0.0003199577054397646 0.031315955301707894 600 9.900990099009901
610 0.0003149067214579942 0.0334901612933233 700 10.3397341211226
610 0.00035698053869892733 0.03214441136019802 800 10.72386058981233
620 0.0008913693360491528 0.03961603756997314 100 8.695652173913043
620 0.00038045462827302314 0.03264881138196582 200 10.309278350515463
620 0.0004350684170057379 0.05126385279114324 300 10.676156583629894
620 0.00044050470593866477 0.044142440609448566 400 10.0
620 0.00032371595495451507 0.027808005722562572 500 9.727626459143968
620 0.0003377335558270125 0.03230036229374102 600 9.933774834437084
620 0.00035287261650211044 0.03197192120467156 700 10.385756676557863
620 0.0003826912959838151 0.03012677678872739 800 10.767160161507404
630 0.0009010515590134851 0.02210981183000579 100 8.771929824561402
630 0.0003939764190880953 0.04454504945142774 200 10.471204188481675
630 0.0004273035622809675 0.06009001960979455 300 10.75268817204301
630 0.00044959563032978436 0.046439406685775834 400 10.0
630 0.00033038229217678 0.029318213675584483 500 9.70873786407767
630 0.00035495936642121023 0.032416625433179865 600 9.983361064891847
630 0.00036872770273081024 0.02983752741807949 700 10.447761194029852
630 0.0004083047875610325 0.02842858225608737 800 10.81081081081081
640 0.0008517306182096178 0.032107580658647904 100 8.928571428571427
640 0.0004386408872151769 0.05913654732812319 200 10.638297872340425
640 0.0004202929329442622 0.07177215213581842 300 10.830324909747292
640 0.000491532313370762 0.052062186821122305 400 10.025062656641603
640 0.0003566545940358081 0.032360605797876967 500 9.727626459143968
640 0.000379409857051056 0.03308146758498022 600 10.03344481605351
640 0.0003839515437518607 0.028800980364000032 700 10.494752623688155
640 0.00041585752670713955 0.027125505455306724 800 10.869565217391303
650 0.0008878534715922975 0.0537736160479394 100 9.174311926605505
650 0.00047572145831606085 0.0697691324687741 200 10.869565217391303
650 0.0004199735421110708 0.0798889182988266 300 10.869565217391305
650 0.0005047219180508712 0.05601470269215261 400 10.075566750629722
650 0.00037911622180090385 0.03473624265125901 500 9.765625
650 0.000383114964666234 0.035629457638954136 600 10.1010101010101
650 0.00039358249995012396 0.02951119756857464 700 10.574018126888218
650 0.00043203855448894146 0.02728781933699334 800 10.92896174863388
660 0.0008093614964890601 0.0566149426413252 100 9.433962264150942
660 0.00045679274253808454 0.06777217115518262 200 11.11111111111111
660 0.00038151881615510575 0.07430410779884829 300 10.869565217391305
660 0.0004596203134779531 0.04962087933275649 400 10.126582278481013
660 0.0003596510990196811 0.03002054593764042 500 9.823182711198427
660 0.0003618823784085342 0.031809939803676655 600 10.186757215619693
660 0.00039170688054670485 0.0250319195253517 700 10.638297872340425
660 0.0004335482321509571 0.022406426426525444 800 11.004126547455295
670 0.0007506411741221803 0.05750711764216904 100 9.80392156862745
670 0.00042360985853698595 0.06667704818452669 200 11.299435028248588
670 0.00032601584487234036 0.06882183827207479 300 10.830324909747292
670 0.00042251864343410253 0.043998175362821426 400 10.178117048346055
670 0.0003511296538724885 0.026253120893855775 500 9.881422924901186
670 0.0003443893539687664 0.029972912339541354 600 10.256410256410257
670 0.0003891285310565411 0.02240548717205611 700 10.719754977029098
670 0.00043218731392342453 0.02061031746034459 800 11.065006915629322
680 0.000634575695326391 0.054112774948707164 100 10.1010101010101
680 0.0003955130403434004 0.061446211921158324 200 11.363636363636363
680 0.0003013201467391008 0.06200451636112196 300 10.79136690647482
680 0.0003778997045796828 0.0349259576477767 400 10.230179028132993
680 0.0003318129416430251 0.018930653900705054 500 9.92063492063492
680 0.0003353239745890987 0.024862955032744324 600 10.344827586206897
680 0.0003852009752540786 0.0180032914064373 700 10.785824345146379
680 0.0004252401122067611 0.01880295611556001 800 11.142061281337048
690 0.0005574938244880693 0.048630051067282735 100 10.526315789473685
690 0.0003658410602422727 0.055418306194366176 200 11.494252873563218
690 0.0002861629483268605 0.05264497692403921 300 10.714285714285714
690 0.000342850058553543 0.024635205736333595 400 10.256410256410257
690 0.0003154763991973969 0.010961037396432359 500 9.9601593625498
690 0.0003144307364910081 0.01798750769688002 600 10.416666666666666
690 0.0003786638483290349 0.013301022806539924 700 10.852713178294573
690 0.0004239950670977025 0.019408748594740417 800 11.204481792717086
700 0.0004374156546783809 0.04602781146180066 100 10.869565217391303
700 0.0004172624594517525 0.04922098296650028 200 11.560693641618496
700 0.00035734843529763654 0.043930259439517325 300 10.600706713780918
700 0.00030885680832203944 0.014107202868135538 400 10.282776349614394
700 0.00028730189709939716 0.006412399447237217 500 10.020040080160319
700 0.0002953766042093547 0.01594223019604585 600 10.489510489510488
700 0.0003698776921998949 0.01577680965915324 700 10.920436817472698
700 0.000415119855279664 0.025512050588461743 800 11.267605633802816
710 0.0004126705977370661 0.04599258932658394 100 11.363636363636363
710 0.0004926643774558671 0.04493916631815946 200 11.695906432748536
710 0.00036017016505331524 0.03779556388970382 300 10.526315789473685
710 0.0002817419537011001 0.009416950974338584 400 10.230179028132993
710 0.00027363092996139724 0.008671089838613602 500 10.080645161290322
710 0.0002923394624323625 0.016854161999389872 600 10.56338028169014
710 0.0003754813446062772 0.020164907004892006 700 10.989010989010989
710 0.0004044054467442438 0.031924318785158945 800 11.331444759206798
720 0.0004126957422892448 0.049137403864079665 100 11.764705882352942
720 0.0005702604305053081 0.04539866603646637 200 11.834319526627217
720 0.0003032362201762521 0.03526239946354672 300 10.489510489510488
720 0.0002540117320485488 0.01688519420445506 400 10.126582278481013
720 0.0002651537418988287 0.015784735197144423 500 10.12145748987854
720 0.0003085609714028856 0.02267668490514857 600 10.619469026548673
720 0.00035779380512310997 0.028319250831660335 700 11.041009463722396
720 0.00038552512004580447 0.04138492915833008 800 11.396011396011396
730 0.0003807103558094579 0.04771638741755083 100 12.19512195121951
730 0.0006203473305622877 0.04446612643681597 200 11.904761904761905
730 0.0003148869374392194 0.02876725570966255 300 10.452961672473867
730 0.00021983290031444088 0.01929825537977868 400 10.0
730 0.0002761122889227914 0.01966649191010993 500 10.183299389002036
730 0.0003229801540771636 0.02640771098669156 600 10.695187165775401
730 0.00037119710423893907 0.03188435605116352 700 11.09350237717908
730 0.00037258918999112607 0.04491217500128889 800 11.444921316165951
740 0.00044530608864399744 0.05049147881566353 100 12.658227848101266
740 0.0006834928414740707 0.04145259001044565 200 11.976047904191617
740 0.0003450578796642342 0.023839010909465247 300 10.416666666666666
740 0.00024040463555838315 0.02087469204711014 400 9.950248756218905
740 0.0002955431222892739 0.02796707867101595 500 10.224948875255622
740 0.0003439903271840357 0.03492883144124695 600 10.73345259391771
740 0.0003942683244749028 0.04083095348891086 700 11.146496815286623
740 0.0003761132019412168 0.05314011816266956 800 11.494252873563218
750 0.0003935040154945032 0.04783196633848512 100 12.987012987012987
750 0.0006674330990615346 0.03780921089206048 200 11.976047904191617
750 0.0004143148968139812 0.01375332426877792 300 10.416666666666666
750 0.0002631056301437221 0.01855175339819513 400 9.925558312655086
750 0.0003105066133108132 0.032639033670138824 500 10.266940451745379
750 0.0003408514441901517 0.03714304443903154 600 10.79136690647482
750 0.00038536971717177866 0.04219645460527823 700 11.182108626198083
750 0.0003777775463567506 0.051668917965277866 800 11.544011544011545
760 0.0003526350172413168 0.0369514800906996 100 13.157894736842104
760 0.0006236078599760548 0.030303756539065675 200 11.834319526627217
760 0.0004135509098663911 0.012250000385015789 300 10.344827586206897
760 0.00027638079553382713 0.023183979935105854 400 9.9009900990099
760 0.00029159893174564164 0.03815546870637334 500 10.288065843621398
760 0.00033277692157119524 0.03789935105551958 600 10.830324909747292
760 0.0003940620258306831 0.041136680437810665 700 11.217948717948717
760 0.00037392620596587647 0.047310231190219786 800 11.577424023154846
770 0.00044489977826655494 0.04419003721744439 100 12.987012987012987
770 0.000501746685478021 0.028155867912833865 200 11.363636363636363
770 0.0003844795529255017 0.0167083155691048 300 10.273972602739725
770 0.00028314868447654597 0.029273080629563616 400 9.852216748768473
770 0.00027892723576591476 0.04142065145988583 500 10.330578512396693
770 0.0003415364393080989 0.039019353412623005 600 10.849909584086799
770 0.00039733065645459255 0.04238880161536921 700 11.254019292604502
770 0.0003871769865564079 0.04743639994998387 800 11.611030478955007
780 0.0007381711129427207 0.04744079689816587 100 12.658227848101266
780 0.00048058353056253144 0.03319071667455167 200 10.92896174863388
780 0.0003779886744740042 0.019896928087469904 300 10.169491525423728
780 0.00030575187180481903 0.03359077819443078 400 9.828009828009828
780 0.00028865554055231533 0.043664072981837346 500 10.351966873706003
780 0.00035849132910586225 0.04046704876701776 600 10.869565217391305
780 0.0004081935800309632 0.04411860316718785 700 11.272141706924316
780 0.0004100392120849817 0.04891593438248051 800 11.627906976744187
790 0.0009808059635685936 0.04395700350276252 100 12.048192771084336
790 0.0006154104910640563 0.03039157726281656 200 10.416666666666664
790 0.00037143382867556676 0.022327990790380767 300 10.03344481605351
790 0.00030567449392860405 0.03758930748761819 400 9.779951100244498
790 0.0002815075446430062 0.04359254659621592 500 10.373443983402488
790 0.00036927151893452606 0.040216953706081235 600 10.88929219600726
790 0.0004165560684013645 0.04450076799299537 700 11.290322580645162
790 0.0004197869352322965 0.04948952212292324 800 11.644832605531295
800 0.0011625843708806252 0.03400234797811131 100 11.764705882352942
800 0.000680819200878178 0.02143505972708099 200 9.950248756218905
800 0.0003332476384464867 0.02414055567029317 300 9.74025974025974
800 0.0003041167058571734 0.04177926513017868 400 9.75609756097561
800 0.00030682499401797197 0.04431373944913876 500 10.373443983402488
800 0.0003777413059388453 0.04081498467941657 600 10.88929219600726
800 0.00040409041420626067 0.044731946044518606 700 11.308562197092083
800 0.00043681808728758813 0.05010158221762654 800 11.611030478955007
810 0.001221068352433281 0.033644610076754615 100 11.363636363636363
810 0.0006150071250800228 0.01391909384788359 200 9.661835748792269
810 0.0003098071258708165 0.021790230785161763 300 9.404388714733543
810 0.00031331502108726886 0.04259810360925638 400 9.732360097323602
810 0.0003441234480505192 0.0414567679008741 500 10.395010395010395
810 0.00039760102973357197 0.03741373583632099 600 10.88929219600726
810 0.0003908951037479012 0.04070168198082195 700 11.308562197092083
810 0.00043759288062478945 0.047351355222207105 800 11.510791366906474
820 0.001203795079972033 0.030844213255851644 100 11.11111111111111
820 0.0006174155387756775 0.01551599000136224 200 9.47867298578199
820 0.0003136795674622107 0.02981544273093876 300 9.202453987730062
820 0.000342891552429831 0.04867455588473058 400 9.70873786407767
820 0.0003730218387741206 0.04339836503431194 500 10.395010395010395
820 0.00042820545436041883 0.03928341700492454 600 10.909090909090908
820 0.00039821687424337773 0.0387253398292961 700 11.326860841423947
820 0.0004670835561817259 0.04738185281230131 800 11.267605633802816
830 0.0010996251518650545 0.03190355775041062 100 10.75268817204301
830 0.0006251963911907742 0.025684723346661723 200 9.345794392523363
830 0.0003337746076963239 0.035794484727976 300 9.118541033434651
830 0.0003447677655333027 0.05115874300649231 400 9.732360097323602
830 0.00037261861077373797 0.04295221806958893 500 10.416666666666666
830 0.00042724927456723737 0.03851587214175853 600 10.909090909090908
830 0.00040814753563106623 0.03561991076822915 700 11.345218800648297
830 0.00044867004544372184 0.04672216825240333 800 11.11111111111111
840 0.0008258284133761092 0.020457421924923884 100 10.204081632653061
840 0.0005213071227204057 0.03428874219413757 200 9.25925925925926
840 0.00031797452281402325 0.04090041819788206 300 9.090909090909092
840 0.0003205481375359965 0.050650992479297816 400 9.75609756097561
840 0.00037878396733355505 0.03790879643931018 500 10.4384133611691
840 0.0004453494966160614 0.03107045391041158 600 10.94890510948905
840 0.00042042793985101024 0.02497032987644329 700 11.382113821138212
840 0.0004311023196338651 0.03984023621026076 800 11.03448275862069
850 0.0004720354764414702 0.01816888439761223 100 9.70873786407767
850 0.00045085584355321367 0.03933064937360795 200 9.216589861751151
850 0.0003281926797987946 0.044197183188474785 300 9.090909090909092
850 0.0003295588715301582 0.05055166200637008 400 9.80392156862745
850 0.00040448863343737476 0.03496860928535632 500 10.504201680672269
850 0.0004647074764846549 0.02522808746576181 600 11.009174311926605
850 0.00044926766294590433 0.01248464942523818 700 11.419249592169656
850 0.0004419439569801558 0.03142325567930478 800 10.973936899862824
860 0.00045207905145340575 0.019396505675434304 100 9.433962264150942
860 0.0004420773873046737 0.04086160762759433 200 9.216589861751151
860 0.0003837663536848153 0.045346761031741595 300 9.118541033434651
860 0.00036901946712949155 0.04799525096053293 400 9.9009900990099
860 0.0004377100781666005 0.032583485543575874 500 10.570824524312895
860 0.0004971261632612382 0.0204813678493552 600 11.07011070110701
860 0.00048540103881886034 0.006556676445302269 700 11.494252873563218
870 0.0010755421401061798 0.022517340462219364 100 9.009009009009008
870 0.0004869084345454764 0.04581722353117829 200 9.174311926605505
870 0.0004449639989399686 0.05230003428997409 300 9.146341463414632
870 0.00041104703564938204 0.05225337354709146 400 9.975062344139651
870 0.0004797351771746544 0.04042262406949391 500 10.638297872340425
870 0.0005296031380159897 0.028163665862033168 600 11.131725417439702
870 0.0005180545964309511 0.017541550529571553 700 11.532125205930807
880 0.0014281881764918653 0.01958104773546721 100 8.620689655172413
880 0.0005936740388058685 0.0497752302248507 200 9.009009009009008
880 0.0005293525964520985 0.05874057298945243 300 9.174311926605505
880 0.00048126553874969637 0.05679784004723488 400 10.025062656641603
880 0.0005439363576439878 0.049782784471200124 500 10.683760683760683
880 0.0005603066119753644 0.038202731480027695 600 11.194029850746269
880 0.0005652180249225234 0.032451667147990734 700 11.570247933884298
890 0.0013832492136968265 0.016137326556081803 100 8.403361344537815
890 0.0006665387270355402 0.05589806266344227 200 8.73362445414847
890 0.0005911014339259033 0.06540333255167576 300 9.202453987730062
890 0.0005477975876099243 0.059850781459252635 400 10.1010101010101
890 0.0005654578585016184 0.05443436125650517 500 10.729613733905579
890 0.0005631505319670628 0.04192095454455438 600 11.235955056179774
890 0.0005962809481637574 0.03773493659045337 700 11.570247933884298
900 0.001389328317004189 0.03181189344927504 100 8.264462809917354
900 0.0006520497356239376 0.05994717321549037 200 8.51063829787234
900 0.0006757439327595532 0.06741807837619856 300 9.25925925925926
900 0.0006439915462779698 0.06003415134317418 400 10.15228426395939
900 0.0006421165669796095 0.055403867668762596 500 10.775862068965516
900 0.0005905507013305543 0.04472346539787752 600 11.278195488721805
900 0.0006288921095475011 0.04535235263187447 700 11.419249592169656
910 0.0014120349754758372 0.04157775990212155 100 8.130081300813007
910 0.0006737273518058254 0.058898870971633356 200 8.403361344537815
910 0.0007081455326491054 0.06481490132096618 300 9.287925696594426
910 0.0006576251144485924 0.056140056393933886 400 10.204081632653061
910 0.000663442693652457 0.05161800137457795 500 10.822510822510822
910 0.000605636591768302 0.04332675814572918 600 11.320754716981131
910 0.0006703567455372272 0.04635868352568829 700 11.217948717948717
920 0.0015520681461660276 0.06750412362280006 100 8.130081300813007
920 0.0007266633689208719 0.06773042486891982 200 8.403361344537815
920 0.0007136485742151185 0.07411241298402209 300 9.345794392523365
920 0.0006568912423531328 0.061035109744930906 400 10.256410256410257
920 0.0006656815324707956 0.05212935793616964 500 10.893246187363832
920 0.0006070925362482799 0.039529926552168956 600 11.406844106463877
920 0.0006416906458397961 0.032685934695529634 700 11.128775834658187
930 0.0014625206548628347 0.08100863526566204 100 8.264462809917354
930 0.0007098299115207107 0.0746922160368415 200 8.47457627118644
930 0.0006589661693043788 0.08021615751137956 300 9.46372239747634
930 0.0006281973174844843 0.06502792032391388 400 10.38961038961039
930 0.0006556172673513918 0.0539893621025254 500 10.989010989010989
930 0.0005906108024628213 0.03969587220909099 600 11.494252873563218
930 0.000607803723973447 0.023875158917450706 700 11.128775834658187
940 0.0012175297415136256 0.08585957714566014 100 8.403361344537815
940 0.0006700620631620365 0.07397047298527311 200 8.583690987124463
940 0.0006014085053458021 0.07835798406876947 300 9.615384615384615
940 0.0005992950257732936 0.061903475285973106 400 10.526315789473685
940 0.0006332200611975474 0.050040185758860045 500 11.11111111111111
940 0.0005820707122294147 0.035961249275358376 600 11.60541586073501
940 0.0005725315085122058 0.017727968051294576 700 11.146496815286623
950 0.00102145873234175 0.08604808709693962 100 8.620689655172413
950 0.0005883687549225985 0.06705201382446613 200 8.73362445414847
950 0.000547840204185544 0.06950898913846824 300 9.771986970684038
950 0.0005802656977469091 0.04980297571848371 400 10.666666666666666
950 0.000623651746797444 0.03666832498577737 500 11.235955056179776
950 0.000576636644680814 0.024291221823947717 600 11.71875
950 0.0005617455480010839 0.017593605057137918 700 11.146496815286623
960 0.0008273060273101922 0.07096229672752019 100 8.849557522123893
960 0.0005550432638558856 0.04949379989529256 200 8.849557522123893
960 0.0005524196434759579 0.052659241165493954 300 9.933774834437084
960 0.0005860381444206435 0.03728019410620132 400 10.78167115902965
960 0.0006319135582203401 0.0328742438526946 500 11.363636363636363
960 0.000599250953358598 0.039501368094699764 600 11.834319526627219
960 0.0005694939968480251 0.03936533726953819 700 11.146496815286623
970 0.0007966645846686918 0.05575685775045687 100 9.009009009009008
970 0.0005480671252919316 0.03291403448854088 200 8.968609865470851
970 0.0005674128059168276 0.04306630267399866 300 10.1010101010101
970 0.0006096284664516295 0.0386647322584017 400 10.92896174863388
970 0.0006562822244759774 0.0475372932744247 500 11.494252873563218
970 0.0006224726127203507 0.06266312015772217 600 11.952191235059761
980 0.00098293757702404 0.03401382872699552 100 9.25925925925926
980 0.0005901828346904423 0.032796582665234254 200 9.174311926605505
980 0.0006524209696425886 0.05898817250613515 300 10.273972602739725
980 0.0006718478057814746 0.07004654278838017 400 11.080332409972298
980 0.0007078522473463133 0.08637832887791412 500 11.627906976744185
980 0.0006625249044753785 0.10427846954659473 600 12.072434607645874
990 0.0011044887368938509 0.028369461448477816 100 9.345794392523363
990 0.0007057098197678581 0.052389120623780795 200 9.345794392523363
990 0.0007252250654739458 0.07953312542536067 300 10.452961672473867
990 0.0007408351012883062 0.09309400713227252 400 11.235955056179774
990 0.0007378968669484196 0.11085767879055679 500 11.792452830188678
990 0.0007061502618165288 0.12918663852947662 600 12.195121951219512
1000 0.0011946721752514973 0.03495767629716961 100 9.174311926605505
1000 0.000779243811533438 0.05755909025452357 200 9.523809523809524
1000 0.0007645966219552232 0.08375046071223137 300 10.638297872340425
1000 0.0007295725093291365 0.09705379080302254 400 11.396011396011396
1000 0.0007235547268973975 0.11625628694537173 500 11.904761904761905
1000 0.000712445932175647 0.13386840041516693 600 12.269938650306747
1010 0.0009636523960017876 0.04032020635496759 100 8.928571428571427
1010 0.0007750321070947071 0.05391747081325697 200 9.661835748792269
1010 0.0007478544765537566 0.07894098494088472 300 10.79136690647482
1010 0.0007034666618930272 0.09194161635367377 400 11.527377521613833
1010 0.0006851608133884362 0.11125798482127627 500 12.048192771084338
1010 0.0006949713579520195 0.12881122118695054 600 12.295081967213113
1020 0.0006948163757592603 0.046653635859548875 100 8.695652173913043
1020 0.0007796889885739044 0.05613069435412379 200 9.75609756097561
1020 0.0007527195163656229 0.07886480672049803 300 10.94890510948905
1020 0.0007156316892745593 0.09211958143911009 400 11.627906976744187
1020 0.0006509390769579303 0.11175760981355533 500 12.135922330097086
1020 0.0006963918396416444 0.1319354262253556 600 12.170385395537524
1030 0.0005340199394090221 0.039035552568643155 100 8.620689655172413
1030 0.0007074989669668865 0.052813396550996795 200 9.9009900990099
1030 0.0006872023011803962 0.07404926513128719 300 11.07011070110701
1030 0.0006836299512847549 0.08698761594644745 400 11.730205278592376
1030 0.0006164021570864628 0.10622545688056076 500 12.224938875305622
1030 0.0007338059498055751 0.1273921591397261 600 11.952191235059761
1040 0.0004365995614602413 0.037672881147206176 100 8.620689655172413
1040 0.0006609975734295167 0.05280426455732136 200 10.0
1040 0.0006270370414394077 0.07315630585494932 300 11.194029850746269
1040 0.0006342421478328301 0.08588846958410158 400 11.834319526627217
1040 0.0005933818783124277 0.1046598770257977 500 12.345679012345679
1040 0.0006838630989729116 0.12082080166579134 600 11.834319526627219
1050 0.000306647524413582 0.026032894019401308 100 8.620689655172413
1050 0.0005913615145549573 0.04783525351769624 200 10.15228426395939
1050 0.0005890811714593237 0.06504421696926374 300 11.320754716981131
1050 0.000639402396183617 0.0777913744898118 400 11.940298507462687
1050 0.0005814090386468125 0.09709122252949756 500 12.43781094527363
1050 0.0006459668491209008 0.10532305361104059 600 11.764705882352942
1060 0.00026547247623380407 0.010926221306779022 100 8.695652173913043
1060 0.0005246206911952812 0.040804244093195316 200 10.309278350515463
1060 0.0005571970269306748 0.050483177708673825 300 11.450381679389311
1060 0.0006305460041965469 0.06283990544963154 400 12.048192771084336
1060 0.0005798235207969215 0.0822526910433473 500 12.531328320802004
1060 0.0006064617777513352 0.08435252652005067 600 11.71875
1070 0.0002590227180743294 0.014847785740083521 100 8.771929824561402
1070 0.0005113927875560105 0.04023881947930654 200 10.471204188481675
1070 0.0005420353617664003 0.040311979036059126 300 11.583011583011581
1070 0.0006239368532790302 0.051538150659576794 400 12.158054711246201
1070 0.000586766658011857 0.07093584329842814 500 12.626262626262626
1070 0.000594413425002965 0.06745954254503637 600 11.627906976744185
1080 0.00037161626776823555 0.019806364888562352 100 8.849557522123893
1080 0.0005190247339131581 0.04118073025948216 200 10.695187165775401
1080 0.0005641267479605878 0.04258521507092907 300 11.71875
1080 0.0006421098769033057 0.0543531997957783 400 12.307692307692308
1080 0.000603045416670456 0.07394335363476208 500 12.755102040816325
1090 0.00042149006466266363 0.029760263118113497 100 9.009009009009008
1090 0.0005501469028375508 0.046989531884884056 200 10.869565217391303
1090 0.0006066861054449837 0.04744213095320835 300 11.904761904761903
1090 0.000663556155125984 0.05911708392341588 400 12.461059190031152
1090 0.0006231226906057397 0.07769320200892767 500 12.853470437017993
1100 0.0004641758435713426 0.04048204555318844 100 9.345794392523363
1100 0.0005593557866915064 0.05029102363703355 200 11.173184357541897
1100 0.0006138135040589328 0.049954758621996505 300 12.096774193548386
1100 0.0006465612231809377 0.06167908646782754 400 12.658227848101266
1100 0.0006313214005487588 0.07983444327432165 500 12.987012987012987
1110 0.0005230754303172123 0.04929409906010024 100 9.80392156862745
1110 0.0005938478117964075 0.04785486207154265 200 11.560693641618496
1110 0.0005930492241405888 0.046043605567050366 300 12.396694214876032
1110 0.0006224440939043179 0.059579781638604876 400 12.861736334405144
1110 0.0006350683760173134 0.0773252782025716 500 13.157894736842104
1120 0.0006054133823487376 0.06533312724068054 100 10.309278350515463
1120 0.0006284092336476892 0.055386334902213424 200 11.976047904191617
1120 0.0006192918697351788 0.05314724072826893 300 12.658227848101264
1120 0.0006185818308593034 0.06743778395925362 400 13.114754098360656
1120 0.0006489840001400689 0.08407040061441222 500 13.26259946949602
1130 0.0008626350796481605 0.07615708575037546 100 10.869565217391303
1130 0.000763697537511402 0.06335649854821299 200 12.345679012345679
1130 0.0007130549103473474 0.06180444746548268 300 12.93103448275862
1130 0.0006496517787803358 0.07722741086124077 400 13.333333333333334
1130 0.0006715994250810995 0.09524290053343407 500 13.26259946949602
1140 0.0009304423251215294 0.07917625068878548 100 11.235955056179774
1140 0.0008027967186207636 0.060370271946788366 200 12.658227848101266
1140 0.0007657852984812058 0.06027172158532615 300 13.157894736842104
1140 0.0006536719765036215 0.07536888766036326 400 13.559322033898304
1140 0.0007687348454750898 0.09832349340425114 500 13.054830287206265
1150 0.0009719759988456823 0.07885476890165771 100 11.627906976744187
1150 0.0007739094453814175 0.06170218331662397 200 12.903225806451612
1150 0.0007356823388014394 0.06267227993219135 300 13.333333333333334
1150 0.0006597903577397228 0.07833329081142587 400 13.6986301369863
1150 0.0007600051651088096 0.0996817948513803 500 12.820512820512821
1160 0.0009733656304681645 0.08715188264879885 100 11.904761904761905
1160 0.0007714311437781225 0.06993256450208887 200 13.157894736842104
1160 0.0007723233629507201 0.07330466625393613 300 13.513513513513512
1160 0.0006724443624576197 0.09019899355379633 400 13.840830449826989
1160 0.0007383134906246972 0.10355400460899711 500 12.690355329949236
1170 0.0008338249700128517 0.0835632660091607 100 12.345679012345679
1170 0.0007293843992100185 0.06655239817952888 200 13.333333333333334
1170 0.0007599773674575742 0.07167058087170551 300 13.6986301369863
1170 0.000662898537528449 0.08985282740543005 400 13.986013986013985
1170 0.000687125355022431 0.09409989272850394 500 12.594458438287154
1180 0.0008150792233565418 0.08483642861188648 100 12.658227848101266
1180 0.0007186701509975823 0.06245939344058818 200 13.605442176870747
1180 0.0007628621684935011 0.07038490056287824 300 13.824884792626726
1180 0.0006742944299514827 0.08952829715578486 400 14.08450704225352
1180 0.0006845540352278609 0.08638359942874899 500 12.468827930174562
1190 0.0008897058485763357 0.08365484384458939 100 13.157894736842104
1190 0.0007292850184455234 0.07103233836982109 200 13.793103448275861
1190 0.0007829239157996255 0.08265378678273295 300 14.018691588785046
1190 0.0006917277576559307 0.10296576419932124 400 14.234875444839856
1200 0.0008769301147593063 0.07449817808785131 100 13.513513513513512
1200 0.0007822132812697875 0.06990165268149273 200 13.986013986013985
1200 0.0007919422949908898 0.0844850156956529 300 14.150943396226413
1200 0.0007134790690528195 0.10565441865660845 400 14.285714285714286
1210 0.0007847379800494028 0.05731802073236067 100 13.6986301369863
1210 0.0006610535651134033 0.05659514905089071 200 14.08450704225352
1210 0.000683802941446807 0.07311600517520689 300 14.285714285714286
1210 0.0006768250778120478 0.09524202516489598 400 14.285714285714286
1220 0.0007188677350568679 0.04209038664466346 100 13.88888888888889
1220 0.000650813802345543 0.043596792243545866 200 14.184397163120567
1220 0.0005943196022292093 0.06341912123483283 300 14.354066985645932
1220 0.0006368455694668103 0.08916871008467155 400 13.986013986013985
1230 0.0006756129224354923 0.033267113240022204 100 14.08450704225352
1230 0.000684011304840057 0.03710993451325908 200 14.285714285714286
1230 0.0005603522431551797 0.05945463415147672 300 14.423076923076923
1230 0.0007698216495697857 0.09212194960646958 400 13.333333333333334
1240 0.0005822398977661044 0.029765344341050257 100 14.285714285714286
1240 0.0006520481363360356 0.03478650027400186 200 14.285714285714286
1240 0.0005634108010448151 0.05963992910340871 300 14.492753623188404
1240 0.0006924770775117782 0.08347636780934983 400 12.861736334405144
1250 0.0006678315383043115 0.030527426439823754 100 14.285714285714286
1250 0.0007405559050587354 0.03639556649928487 200 14.388489208633093
1250 0.0006171921626038794 0.06623593835441953 300 14.492753623188404
1250 0.0006541223578105117 0.07637280705792687 400 12.578616352201257
1260 0.0007091954556271246 0.028688388562232728 100 14.285714285714286
1260 0.0007541209656727207 0.035249895098164764 200 14.388489208633093
1260 0.0006480582448076775 0.06818163515591401 300 14.563106796116504
1260 0.0006423388160065394 0.06899752797193302 400 12.232415902140671
1270 0.0008021502154873113 0.027219129632009727 100 14.285714285714286
1270 0.0007966925135190465 0.03591222080869079 200 14.388489208633093
1270 0.0006828854001686773 0.07187768114621179 300 14.492753623188404
1280 0.0007623781855624753 0.021135861873062663 100 14.08450704225352
1280 0.0007020986950918093 0.03559368335109686 200 14.388489208633093
1280 0.0006912442695164607 0.0709021660460096 300 14.423076923076923
1290 0.0006709484618047447 0.021148551044496592 100 14.08450704225352
1290 0.0005555898299308302 0.04043956807104174 200 14.388489208633093
1290 0.0006374542104687485 0.07816996779770521 300 13.953488372093023
1300 0.0007226411783203669 0.015620265171405225 100 14.08450704225352
1300 0.0005196264999718521 0.043418626091806266 200 14.388489208633093
1300 0.0008351117426215172 0.08553163778159632 300 12.93103448275862
1310 0.0007586677640147193 0.019039189741615854 100 14.08450704225352
1310 0.0005682324788364296 0.0536319500460606 200 14.492753623188404
1310 0.0007565091163923125 0.08069669759658409 300 12.345679012345679
1320 0.0008453724403539145 0.023482916082358866 100 14.08450704225352
1320 0.0006138046356621615 0.0677690064925221 200 14.492753623188404
1320 0.0007162804609750003 0.07388658395539421 300 12.0
1330 0.0008921318734476509 0.030587473416303558 100 14.08450704225352
1330 0.0006623083858978408 0.08208816995572522 200 14.492753623188404
1330 0.0007500994965065668 0.06555806575402853 300 11.538461538461538
1340 0.0008935937265155011 0.03381113910423208 100 14.08450704225352
1340 0.0006599064121662365 0.08697133640916571 200 14.492753623188404
1350 0.0007630899158111205 0.04704025695278568 100 14.285714285714286
1350 0.0006954653557280669 0.09460561806822547 200 14.285714285714286
1360 0.0005528276256663792 0.05690023244947848 100 14.285714285714286
1360 0.000644016331433954 0.10572601149241773 200 13.605442176870747
1370 0.0003996969301522873 0.07082149775136155 100 14.492753623188404
1370 0.001037174511235856 0.11579709094376466 200 12.269938650306749
1380 0.00045416474503980655 0.08575256663032757 100 14.492753623188404
1380 0.0008783306082653941 0.10248142963166801 200 11.494252873563218
1390 0.00040565013908803516 0.10368596590413262 100 14.492753623188404
1390 0.0007844476821354044 0.08858885806668843 200 11.049723756906076
1400 0.000446918402672258 0.12532627535094892 100 14.492753623188404
1410 0.0004787609739791225 0.1333782885268022 100 14.492753623188404
1420 0.0007502645449812906 0.12956773976061334 100 13.88888888888889
1430 0.0009619515437203172 0.1609561650279862 100 12.19512195121951
1440 0.0015556268436080637 0.14416596991931974 100 10.1010101010101
1450 0.001345728298940446 0.11068294668466075 100 9.25925925925926
1460 0.0013725405431972443 0.07590818434000714 100 8.547008547008547
