0 0.0016924339768882915 0.10991939274517745 100 7.633587786259541
0 0.0009849737143515426 0.1276032673255599 200 7.782101167315174
0 0.0008591838513329541 0.16379127502604776 300 7.772020725388601
0 0.0008069782802738655 0.1806457612341391 400 8.146639511201629
0 0.0009109993529996124 0.19689254172361642 500 8.051529790660226
0 0.000849420804903752 0.20004419261162049 600 7.957559681697612
0 0.0008271953800169683 0.1952620069094904 700 8.505467800729038
0 0.0008013620815777293 0.15123664719947386 800 8.528784648187631
10 0.001443468662996402 0.09924119748954414 100 8.130081300813007
10 0.0008707244106775751 0.10980882011168318 200 8.0
10 0.0007865810644885974 0.14421865140871307 300 7.936507936507936
10 0.000761561945701067 0.16164412193779454 400 8.281573498964802
10 0.0008843795969685397 0.17653085581023253 500 8.064516129032258
10 0.0008247561794814799 0.17985421624298173 600 8.042895442359248
10 0.000803083431818599 0.1744462939634709 700 8.5995085995086
10 0.0007734918384203229 0.13094457846715055 800 8.592910848549945
20 0.0010180069165218288 0.0676933525158357 100 8.547008547008547
20 0.0006362545434113687 0.06683576262040145 200 8.16326530612245
20 0.0007099707604985208 0.10300929742334632 300 8.064516129032258
20 0.0007234446982397938 0.12352145125219043 400 8.403361344537815
20 0.0008733647363517842 0.13645838728458207 500 7.974481658692184
20 0.0008095722931249752 0.1400370705055577 600 8.130081300813009
20 0.0007866449599237389 0.13274357084246405 700 8.674101610904584
20 0.0007449869711230299 0.09079809917479899 800 8.658008658008658
30 0.0010675634243974047 0.07886724443907257 100 8.928571428571427
30 0.0006683362992978802 0.08183146955789108 200 8.23045267489712
30 0.0007186873931912083 0.11177564004110983 300 8.152173913043477
30 0.0007459785851557646 0.12840680031734367 400 8.47457627118644
30 0.0009111185375601811 0.13848423329499934 500 7.898894154818325
30 0.0008185342678795379 0.1402791859894733 600 8.19672131147541
30 0.0007873817728254691 0.1341135487508464 700 8.75
30 0.0007387750847662887 0.0924219618774129 800 8.686210640608033
40 0.0008808585548373904 0.08102569050080438 100 9.009009009009008
40 0.000665453870669193 0.08489183115860159 200 8.23045267489712
40 0.0006984658096283847 0.10934644959637374 300 8.174386920980925
40 0.0007391822690096334 0.12404358528366116 400 8.528784648187631
40 0.0009324381753890471 0.13238628056498586 500 7.861635220125786
40 0.0008270392672536565 0.13247249760394275 600 8.241758241758243
40 0.0007843638999387037 0.12628752968872678 700 8.79396984924623
40 0.0007145718770381075 0.08305329657818458 800 8.629989212513484
50 0.0005562692125073594 0.06816575085685841 100 9.090909090909092
50 0.0006287887008510068 0.07526556194495686 200 8.19672131147541
50 0.0006982454716233713 0.09722384553140341 300 8.19672131147541
50 0.0007453587554136886 0.11386311486495128 400 8.547008547008547
50 0.0009333413531276814 0.12067966047699802 500 7.861635220125786
50 0.000832555036458717 0.11823769020711819 600 8.287292817679557
50 0.0007897345908245156 0.11065981214633631 700 8.816120906801007
50 0.0006999263563572087 0.064160002694229 800 8.333333333333334
60 0.00021728693889931522 0.029553335759130377 100 9.174311926605505
60 0.0005464812482655333 0.05398076446053829 200 8.16326530612245
60 0.0006847160140053115 0.07955205668114593 300 8.219178082191782
60 0.0007963610652888118 0.10263145663494527 400 8.547008547008547
60 0.0009251656143205654 0.10620727786301704 500 7.861635220125786
60 0.0008229629206283878 0.09973548356912024 600 8.333333333333334
60 0.0007587206026318543 0.08812516255784522 700 8.80503144654088
60 0.0006662967083074878 0.0323608932191227 800 8.281573498964802
70 0.00029976811357383416 0.025337043807355818 100 9.174311926605505
70 0.000612375570061678 0.05489749073599721 200 8.16326530612245
70 0.0007015294583678399 0.07847536157416313 300 8.264462809917354
70 0.0008580543260086666 0.1034422385524599 400 8.528784648187631
70 0.0009354037023349582 0.10422984886765141 500 7.886435331230283
70 0.0008321740260134421 0.09373544150404832 600 8.391608391608392
70 0.0007833969338435317 0.0785661384364287 700 8.73907615480649
70 0.000656779235265584 0.01908631764374781 800 8.281573498964802
80 0.0003870300352631481 0.02138803323614485 100 9.174311926605505
80 0.0006260465669200949 0.058095636268244016 200 8.130081300813007
80 0.0007105617780639457 0.07941512055913816 300 8.287292817679557
80 0.0008933732270939318 0.10307567951887565 400 8.492569002123142
80 0.0009098223035283157 0.10175145491949113 500 7.911392405063291
80 0.0008228393070605453 0.08773542739992456 600 8.438818565400842
80 0.0008052779489490777 0.06841295538077036 700 8.695652173913043
80 0.0006440470678938509 0.007931944298357583 800 8.290155440414507
90 0.0005120550425431962 0.02606803772084516 100 8.928571428571427
90 0.0006620843004931381 0.06219479259553624 200 8.032128514056224
90 0.0007449793659931557 0.08283723992300752 300 8.264462809917354
90 0.000887046287124003 0.10363921373717218 400 8.438818565400842
90 0.0008937585698489133 0.09913482608799865 500 7.923930269413629
90 0.0008309758663495859 0.08096829698037808 600 8.474576271186441
90 0.0007755765308015556 0.053292883252021646 700 8.663366336633661
90 0.0006283063348219837 0.0053909597766078786 800 8.281573498964802
100 0.0005362907604328865 0.0366425212249407 100 8.695652173913043
100 0.000742746360071591 0.06745534198113454 200 7.936507936507936
100 0.0007858683435844814 0.08749009886178104 300 8.264462809917354
100 0.0008905482994080771 0.1051390360882905 400 8.368200836820083
100 0.0008752792279263377 0.09961037571143867 500 7.936507936507937
100 0.0008481572219213692 0.07928658738600496 600 8.522727272727272
100 0.0007663953214703099 0.04625835670487179 700 8.641975308641975
100 0.000623668497045242 0.011848622262214387 800 8.273009307135471
110 0.0005922250570616986 0.043995688853837735 100 8.403361344537815
110 0.000819650184309774 0.07148675547771095 200 7.874015748031495
110 0.0008301475658510975 0.09056043168047079 300 8.264462809917354
110 0.001008033716260551 0.10256901610637226 400 8.316008316008316
110 0.0008872659723098364 0.09839536969661411 500 7.949125596184419
110 0.0008680342687936885 0.07725037046683296 600 8.559201141226819
110 0.0007850050517547101 0.038920181096453385 700 8.641975308641975
110 0.0006289995177104658 0.01834770248130529 800 8.273009307135471
120 0.0004368192498530891 0.047603811187483004 100 8.064516129032258
120 0.0009157266643131888 0.07613038223260028 200 7.8431372549019605
120 0.0008365451564177965 0.0950986803204878 300 8.264462809917354
120 0.0010428037191125756 0.10390392542815709 400 8.264462809917354
120 0.0008974656174974776 0.09802485132113806 500 7.974481658692184
120 0.0008740095469668539 0.0771362389147019 600 8.60832137733142
120 0.0007939845436031853 0.03419032685611303 700 8.641975308641975
120 0.0006318377690661414 0.02298072146924606 800 8.273009307135471
130 0.000463098503290595 0.04750329771415657 100 7.8125
130 0.0008805679701808797 0.08039927678744546 200 7.782101167315174
130 0.0008366881199345355 0.09610876271089108 300 8.287292817679557
130 0.0010060085468439578 0.09847201921304388 400 8.113590263691682
130 0.0009070521446821329 0.09430254718677328 500 8.0
130 0.0008678088684570241 0.0746651447712068 600 8.658008658008658
130 0.0007911025297126012 0.02905212459899957 700 8.652657601977749
130 0.0006244177467827465 0.029416357029348892 800 8.255933952528379
140 0.0005345383590010259 0.057611833111358014 100 7.575757575757575
140 0.0009166035621688304 0.08874322486588905 200 7.782101167315174
140 0.0008867785474871324 0.10563945895380837 300 8.310249307479223
140 0.0010520731834472547 0.10098322549134467 400 7.677543186180422
140 0.000922103918084601 0.09873714215554662 500 8.038585209003216
140 0.0008695856017071026 0.07773089657572539 600 8.695652173913043
140 0.0007725601426079087 0.02502435167274206 700 8.641975308641975
140 0.0006095685458087609 0.03148292582408039 800 8.18833162743091
150 0.000646385832066661 0.05926113926862243 100 7.462686567164179
150 0.0009269838458040581 0.09097384452943169 200 7.751937984496124
150 0.0008957012116285572 0.10668384251059275 300 8.333333333333334
150 0.001091983603371643 0.10210908398647213 400 7.604562737642586
150 0.000937377193739091 0.09735245632910282 500 8.090614886731391
150 0.0008735752743022751 0.07825840676998373 600 8.73362445414847
150 0.0007576732379884813 0.022986256740281465 700 8.536585365853659
150 0.0005986894766885391 0.03689030054539263 800 7.662835249042145
160 0.0008464333234928785 0.06762879089367863 100 7.352941176470588
160 0.0009794551614277461 0.09399275542859059 200 7.782101167315174
160 0.0009575303629029056 0.1104035573881869 300 8.356545961002785
160 0.001125765963508073 0.10792336254954044 400 7.575757575757575
160 0.0009666552609425855 0.09869095972339381 500 8.130081300813009
160 0.0008942978478586509 0.0816602346244626 600 8.75912408759124
160 0.00076352736571351 0.025666507979207345 700 8.2063305978898
170 0.0009424888919963511 0.07508135955018565 100 7.2992700729927
170 0.0010038064648581816 0.09210013092965141 200 7.8125
170 0.0010626994189316882 0.11295711854145796 300 8.333333333333334
170 0.0011450297368288058 0.10815910201558498 400 7.575757575757575
170 0.0009798275259220615 0.09491467320424554 500 8.183306055646481
170 0.000874820444102732 0.07881866368513248 600 8.708272859216255
170 0.0007505113363593186 0.023049341207945873 700 8.158508158508157
180 0.0010508811867636454 0.07917590832229351 100 7.246376811594202
180 0.0009649712900661625 0.08826790767768342 200 7.8431372549019605
180 0.0011109345822502552 0.10887290312559429 300 8.287292817679557
180 0.0011322692381752063 0.10113726840072225 400 7.604562737642586
180 0.0009665406233603991 0.08498777861811738 500 8.237232289950576
180 0.000899262532492477 0.06937970376866108 600 8.633093525179856
180 0.0007311024080247051 0.02198853575067302 700 8.149010477299184
190 0.0012821323909338583 0.09270322589671286 100 7.194244604316546
190 0.0011089424254084072 0.0953597322451997 200 7.874015748031495
190 0.001223539125624648 0.11572821404333444 300 8.264462809917354
190 0.0011582034811891207 0.10669995802603742 400 7.633587786259541
190 0.0010103806503293897 0.08689921384770129 500 8.305647840531561
190 0.0009608835360182044 0.0686884441634893 600 8.595988538681949
190 0.0007500808516250609 0.029169838801852397 700 8.158508158508157
200 0.0013477311582613496 0.10461849331439067 100 7.194244604316546
200 0.0011490956437826055 0.1025182652780881 200 7.905138339920948
200 0.0012260176056836036 0.12002680963674765 300 8.264462809917354
200 0.001153435576771371 0.10747344363798543 400 7.677543186180422
200 0.0010246335228725081 0.08618630975882516 500 8.375209380234505
200 0.0009400750210839193 0.06445657529544292 600 8.595988538681949
200 0.0007492556787098743 0.03453286003257453 700 8.177570093457943
210 0.0012861947285375008 0.10313647265648594 100 7.246376811594202
210 0.0011250760852909438 0.09891045249778435 200 7.96812749003984
210 0.001137814638053473 0.11252456547778386 300 8.241758241758243
210 0.0010951447898939514 0.09818464758482852 400 7.722007722007722
210 0.0010112793338274005 0.0776330158443896 500 8.445945945945946
210 0.0009086793127436091 0.055369516812918615 600 8.60832137733142
210 0.000721515010344874 0.03937213513203606 700 8.19672131147541
220 0.0013811506830988499 0.10483197638532842 100 7.2992700729927
220 0.0011706990108621895 0.09630552232314404 200 8.064516129032258
220 0.001264159782059141 0.10932470756895045 300 8.241758241758243
220 0.0010829811831414326 0.09498718890069913 400 7.766990291262136
220 0.0010231201463569855 0.07644346392341027 500 8.517887563884157
220 0.0009098028594154907 0.05419681201366987 600 8.633093525179856
220 0.000722380635786521 0.04697905111661231 700 8.225616921269093
230 0.0015457477035303562 0.10837701529854449 100 7.352941176470588
230 0.0012333043886326297 0.10122993254125587 200 8.16326530612245
230 0.0013566899934551683 0.1090504567093416 300 8.264462809917354
230 0.0011038577067493855 0.09616141193438896 400 7.8277886497064575
230 0.0010369534163532134 0.07767814050899524 500 8.59106529209622
230 0.0009290223997841888 0.052059003903926836 600 8.670520231213873
230 0.0007249303222778805 0.051131473976360746 700 8.244994110718492
240 0.0016342522359798553 0.10394461242208322 100 7.462686567164179
240 0.0011631280150640846 0.09865559525542894 200 8.29875518672199
240 0.0013315239320345821 0.09817327658216023 300 8.287292817679557
240 0.0010699461586576133 0.08072269541405266 400 7.905138339920948
240 0.0010080603373810427 0.056176881706332504 500 8.680555555555555
240 0.0008954328911489033 0.021343672495480463 600 8.720930232558139
240 0.0006932856303585797 0.04814642633624605 700 8.274231678486997
250 0.0016190796368085957 0.10459802929032781 100 7.633587786259541
250 0.0011610231027756803 0.10013783723903204 200 8.438818565400842
250 0.0013156161498669044 0.09519547913682364 300 8.287292817679557
250 0.001078762060968997 0.07768879029277896 400 7.984031936127744
250 0.0010104134406959228 0.05338388184425224 500 8.771929824561404
250 0.000889967546018892 0.017222593428495126 600 8.771929824561402
250 0.0006927507583807174 0.05232839616430695 700 8.30367734282325
260 0.0016102211826776289 0.10583428458083312 100 7.751937984496124
260 0.0012129900285510443 0.09965440648372549 200 8.547008547008547
260 0.0013059047013381081 0.0857802148559346 300 8.02139037433155
260 0.0010989221003996632 0.07182527658390686 400 8.064516129032258
260 0.0010133550635389142 0.048313165225935775 500 8.849557522123893
260 0.0008947518235609958 0.018300640128104374 600 8.810572687224669
260 0.0006917469366092215 0.05938982455747081 700 8.31353919239905
270 0.001599271176830702 0.1053940409013001 100 7.874015748031495
270 0.0012401084780436166 0.0984280597459145 200 8.658008658008658
270 0.0013199217511659176 0.0782301801068457 300 7.6923076923076925
270 0.0010987707755263259 0.06638786505887352 400 8.130081300813007
270 0.0010007203761226394 0.04404361560601611 500 8.928571428571429
270 0.0008658652607911937 0.019030098365326986 600 8.823529411764707
270 0.0006670774662771639 0.0641357022635121 700 8.264462809917354
280 0.001516587431964154 0.10239622479719099 100 7.936507936507936
280 0.0011941640547702204 0.09648709575782537 200 8.771929824561402
280 0.0013291006304008348 0.07389425240796677 300 7.614213197969542
280 0.001078174020266619 0.062371454643921916 400 8.213552361396303
280 0.0009756770519472893 0.04114772501498296 500 9.00900900900901
280 0.0008239878362322961 0.02001731784655306 600 8.784773060029282
280 0.0006354877668010121 0.06686268537641918 700 7.803790412486064
290 0.0014624970717062654 0.09156049795249294 100 8.064516129032258
290 0.0011416606323019286 0.08813821646069733 200 8.849557522123893
290 0.0013024046325061129 0.06590581805467192 300 7.614213197969542
290 0.0010617014906980373 0.05240800264848009 400 8.281573498964802
290 0.0009613672855100683 0.03497891536802638 500 9.057971014492754
290 0.0007947072175502155 0.029706431947049403 600 8.403361344537814
300 0.0014302429075399683 0.08294351720465278 100 8.19672131147541
300 0.0012092575290984298 0.08277830347899999 200 8.928571428571427
300 0.0012777532761165445 0.059642767804286345 300 7.633587786259541
300 0.0010360922558026622 0.044853774620261515 400 8.368200836820083
300 0.0009260113627412012 0.03181571926736865 500 9.074410163339383
300 0.0007624996476840783 0.036966784890642417 600 8.321775312066574
310 0.001181506138642307 0.07073906899874081 100 8.333333333333334
310 0.0012127824994139565 0.07697520878035928 200 8.88888888888889
310 0.0012196300769177638 0.053857165193804055 300 7.672634271099744
310 0.0009975319566959393 0.042133433180767656 400 8.456659619450317
310 0.0008670921527922387 0.037487204989618966 500 9.00900900900901
310 0.000715852417044134 0.04190551644897219 600 8.310249307479223
320 0.000981375407342926 0.0588981498538504 100 8.47457627118644
320 0.0011671801142804496 0.06728046636244273 200 8.849557522123893
320 0.0011528079583855953 0.046644353257721746 300 7.731958762886597
320 0.000946265883944878 0.041851842452250064 400 8.547008547008547
320 0.0008921403080754898 0.045519494076527826 500 8.944543828264758
320 0.0006815320358102301 0.04798093581926134 600 8.321775312066574
330 0.0010263254526561645 0.05759029441291808 100 8.620689655172413
330 0.001212505775439393 0.067537594859053 200 8.849557522123893
330 0.0011230527203191672 0.04926679327690204 300 7.772020725388601
330 0.000953732800176466 0.04694445890561661 400 8.620689655172413
330 0.0009025470822041298 0.048813147256270874 500 8.9126559714795
330 0.0006661986347595048 0.052159400365431124 600 8.333333333333334
340 0.0009958296429886172 0.05587616372591408 100 8.695652173913043
340 0.001194899105060439 0.06805508409170405 200 8.849557522123893
340 0.0010789467655224862 0.052319519144786476 300 7.832898172323759
340 0.0009524135405254687 0.05430874835819274 400 8.714596949891066
340 0.0008672468220825033 0.05379233372744316 500 8.9126559714795
340 0.000656356833186416 0.05645353080331334 600 8.356545961002785
350 0.001007028803027443 0.05346539455002241 100 8.849557522123893
350 0.0011109728283794221 0.0651117418497377 200 8.771929824561402
350 0.0010129046448154797 0.051390499586947865 300 7.894736842105263
350 0.0009425073705047352 0.05755245868381623 400 8.810572687224669
350 0.0008417882467587596 0.05547919464807619 500 8.928571428571429
350 0.0006322758519575445 0.061441938920696784 600 8.368200836820083
360 0.0009800892022527677 0.04884232610593418 100 8.928571428571427
360 0.001238501571977686 0.061128946365604425 200 8.771929824561402
360 0.0009711785769508906 0.05075922654386422 300 7.936507936507936
360 0.0009285123901483808 0.05831292976273434 400 8.88888888888889
360 0.0008286786835394558 0.05166884334297878 500 8.960573476702509
360 0.0006071770262812715 0.062169206121573846 600 8.391608391608392
370 0.0008057893127553797 0.04904542890976783 100 9.090909090909092
370 0.0012244745229499081 0.05260439697514255 200 8.73362445414847
370 0.0009258717896013136 0.04917673765446766 300 8.0
370 0.0008848780100049037 0.05712131429170081 400 8.98876404494382
370 0.00080494373387877 0.04558489471614037 500 8.976660682226212
370 0.0005733526770467835 0.060133794467721866 600 8.403361344537814
380 0.0007506326469815137 0.049526305484438184 100 9.25925925925926
380 0.0011715143116430423 0.049140702242524134 200 8.620689655172413
380 0.0009148279894036773 0.04892332419528553 300 8.086253369272237
380 0.0008733748925909338 0.05996703635286806 400 9.070294784580499
380 0.0007907799360082718 0.04651130923226223 500 9.00900900900901
380 0.0005651732406998737 0.06336285004016011 600 8.41514726507714
390 0.0008601678383427145 0.047812433802961435 100 9.433962264150942
390 0.0011643704552219579 0.038140675105348264 200 7.8431372549019605
390 0.0009428963944577269 0.04451455090681971 300 8.152173913043477
390 0.0008696672509697683 0.05707334151797738 400 9.174311926605505
390 0.0007806927444995397 0.047673507793035245 500 9.025270758122742
390 0.0005576413666915445 0.07025482044875568 600 8.379888268156424
400 0.0009260204466485713 0.04749229151039617 100 9.615384615384615
400 0.0012548309165313822 0.0359954557810186 200 7.462686567164179
400 0.000947402611453778 0.04880314226984778 300 8.241758241758243
400 0.0008560761241041452 0.06170637941583979 400 9.237875288683602
400 0.0007472693606819635 0.05188158495268215 500 9.00900900900901
400 0.0005353414767573219 0.07405263219852001 600 8.241758241758243
410 0.0009102586609743656 0.04735491122183909 100 9.70873786407767
410 0.0012929848775633814 0.04080838083909932 200 7.380073800738007
410 0.000976173242345859 0.057260303644420946 300 8.310249307479223
410 0.0008662909393428781 0.06614538030399301 400 9.30232558139535
410 0.0007151033833773692 0.05485233199761784 500 8.650519031141869
420 0.0011046328655282909 0.05581258153688091 100 9.615384615384615
420 0.0012973625082507295 0.05297823514210639 200 7.352941176470588
420 0.0009754080465781525 0.06960683114511977 300 8.379888268156424
420 0.0008450940984623459 0.07582909409135453 400 9.280742459396752
420 0.0007057844848896007 0.058076023002498534 500 8.319467554076539
430 0.0013676141562696503 0.06780074816118359 100 9.345794392523363
430 0.0013261572852782996 0.05950488018688954 200 7.352941176470588
430 0.0010014779709279732 0.07582727543542653 300 8.474576271186441
430 0.0008624042310728356 0.08470547597749531 400 9.1324200913242
430 0.0006848697003346391 0.06159499985248318 500 8.278145695364238
440 0.0015237228377237588 0.0696875751831918 100 9.090909090909092
440 0.001275478713015732 0.062049540471783945 200 7.380073800738007
440 0.0009810058354328278 0.07976301890894423 300 8.547008547008547
440 0.0009648219786641006 0.08770640764425329 400 9.009009009009008
440 0.000665893137936437 0.06304858754816396 500 8.264462809917354
450 0.0014457512222493566 0.07278797335151194 100 8.928571428571427
450 0.001205253259942428 0.06869743288443345 200 7.407407407407407
450 0.0009716438489166394 0.0844474185984504 300 8.645533141210374
450 0.000916939368853478 0.0826444225433174 400 8.94854586129754
450 0.0006340266580553577 0.06224351838186533 500 8.264462809917354
460 0.0011695654756373446 0.06604967036142546 100 8.695652173913043
460 0.001074326535984736 0.06650948748467811 200 7.434944237918215
460 0.000950119961382696 0.08054055261443997 300 8.746355685131194
460 0.0008654639931959112 0.06953091763378261 400 8.928571428571427
460 0.0005899543981130513 0.059859175291876954 500 8.264462809917354
470 0.0015376463816668677 0.06010154066599051 100 8.47457627118644
470 0.0009930686128485874 0.06445778744811141 200 7.462686567164179
470 0.0009290799744197161 0.0780643991783528 300 8.823529411764707
470 0.0008311977342495795 0.0596508984133648 400 8.928571428571427
470 0.0005501969152810882 0.0611134620409679 500 8.264462809917354
480 0.0016705647739866899 0.03975833879547262 100 8.19672131147541
480 0.0009880655665424885 0.06299873112016842 200 7.518796992481203
480 0.0009145802391030433 0.0757070404745668 300 8.928571428571429
480 0.0008172172349259456 0.05579505139492293 400 8.928571428571427
480 0.0005305878156750213 0.06663602348885975 500 8.25082508250825
490 0.00153825647829836 0.023664918631737173 100 7.575757575757575
490 0.0010056493519410078 0.06717663847479609 200 7.575757575757575
490 0.0009049175116369725 0.07889074638359451 300 9.009009009009008
490 0.000800815232585687 0.056155442746768376 400 8.908685968819597
490 0.0005209422222445002 0.0712059214936808 500 8.223684210526315
500 0.0015915976575143955 0.025370053252765243 100 6.172839506172839
500 0.0009826049661432574 0.07323707613236655 200 7.633587786259541
500 0.0008574458027517442 0.08194380609917926 300 9.090909090909092
500 0.0007408298582694746 0.05565834151959071 400 8.869179600886918
500 0.0004725037365297251 0.07143746809963067 500 8.077544426494345
510 0.0017174121625376617 0.03838523565082462 100 5.917159763313609
510 0.0010310458095763783 0.08153904261460569 200 7.6923076923076925
510 0.0008610524595455672 0.08464904072775725 300 9.146341463414632
510 0.000688595481913479 0.06063958230733322 400 8.547008547008547
520 0.001597288259787414 0.04842506046884031 100 5.882352941176471
520 0.0009590218716036646 0.08827162574343424 200 7.8125
520 0.0008087915257234563 0.08695320661167179 300 9.146341463414632
520 0.0006485454095321195 0.06391699106850168 400 8.048289738430583
530 0.0014041984157737613 0.06493802021387046 100 5.9523809523809526
530 0.0008700517079710684 0.0967398066788169 200 7.96812749003984
530 0.0006923844680859347 0.09558664781082932 300 9.090909090909092
530 0.0005745161938066954 0.06479836056983401 400 8.016032064128256
540 0.001285972245981551 0.08117652971374956 100 6.0606060606060606
540 0.0008047549058275498 0.10413889425988092 200 8.130081300813007
540 0.0007930122801678738 0.10232267012354734 300 8.982035928143713
540 0.0005311493241838532 0.06562886507675705 400 8.032128514056224
550 0.0010713024977229934 0.09745227243130884 100 6.134969325153374
550 0.0007378056552383526 0.10835115414990265 200 8.29875518672199
550 0.0008727052100140087 0.098481614439117 300 8.928571428571429
550 0.0004887491651833978 0.0630813003564065 400 8.064516129032258
560 0.0009839333109602272 0.1157263332506528 100 6.25
560 0.0007435503237221624 0.11294758001906605 200 8.438818565400842
560 0.0007997016630371449 0.09081769841870035 300 8.928571428571429
560 0.0004495336608399332 0.06841386234996934 400 8.080808080808081
570 0.0009415584917682496 0.12826252124019452 100 6.41025641025641
570 0.000787428673860724 0.1193832500424117 200 8.658008658008658
570 0.00082047707197802 0.09034717547975459 300 8.955223880597014
570 0.0004611315161856062 0.06556951446472742 400 8.130081300813007
580 0.0007188607953765009 0.14353115271020375 100 6.5359477124183005
580 0.0007595273268117384 0.12408695053032456 200 8.849557522123893
580 0.0007524734872129006 0.08633299328935817 300 9.009009009009008
580 0.00041433666894217467 0.07025158540806639 400 8.16326530612245
590 0.00048782803387915083 0.12936597109945538 100 6.666666666666667
590 0.0006240783700130638 0.11812436079403081 200 9.049773755656108
590 0.0007087783758050492 0.07711592236549882 300 9.06344410876133
590 0.0003548423582143581 0.057705758046964525 400 8.19672131147541
600 0.0004438915434977999 0.13913756112927908 100 6.84931506849315
600 0.0005791304536176895 0.12326872103624437 200 9.25925925925926
600 0.0006923165696822304 0.07611262172314066 300 9.146341463414632
600 0.00034302882112153263 0.05484899928153213 400 8.23045267489712
610 0.0005178631389136885 0.14316544798003591 100 7.092198581560283
610 0.0006119569014038271 0.12683327075021897 200 9.523809523809524
610 0.0007020742081609485 0.07548925770315781 300 9.25925925925926
610 0.0003667706247483554 0.05583692397665581 400 8.281573498964802
620 0.0005846130370898767 0.13251319079742294 100 7.462686567164179
620 0.0006340469214422511 0.12184579830040207 200 9.852216748768473
620 0.0007095367250371984 0.07343047567984576 300 9.404388714733543
620 0.0003746442912846834 0.05886264581205116 400 8.368200836820083
630 0.0005855247384830534 0.1273121020617011 100 7.936507936507936
630 0.0006224487801774686 0.11819520539982743 200 10.256410256410257
630 0.0006856082448118115 0.07292554864175148 300 9.646302250803858
630 0.000361060623413122 0.06178924074457387 400 8.492569002123142
640 0.0005835249135850993 0.12374486043650108 100 8.547008547008547
640 0.000613599260967447 0.1163447807265152 200 10.75268817204301
640 0.0006744005380947553 0.07155938684410973 300 9.900990099009901
640 0.000354409040133863 0.06131095986790308 400 8.620689655172413
650 0.0005660772488698297 0.12308678644642075 100 9.174311926605505
650 0.0005956067337711132 0.11494639547240987 200 11.235955056179774
650 0.0006412575067230087 0.0719307332576829 300 10.135135135135135
650 0.000337643575964883 0.06373366802549252 400 8.714596949891066
660 0.0004388359736881493 0.11734201051171998 100 9.80392156862745
660 0.0005186435347597119 0.11039882116560742 200 11.764705882352942
660 0.0005473103634365376 0.07126643653827226 300 10.344827586206897
660 0.0002685973017250172 0.06641626821758724 400 8.73362445414847
670 0.00034616548326656566 0.11920620429642893 100 10.416666666666664
670 0.0004552935339130987 0.10910672972452902 200 12.19512195121951
670 0.00045407039359700167 0.07257670755479938 300 10.380622837370241
670 0.0002375826015862837 0.06776902226740383 400 8.492569002123142
680 0.0003520223053111983 0.12250737704116 100 10.989010989010989
680 0.00045030198907287776 0.10640978435025641 200 12.5
680 0.0003894884997419849 0.07414467201786518 300 9.67741935483871
690 0.00032928971112810207 0.12612288190664997 100 11.494252873563218
690 0.00041800979139363964 0.10372762161337379 200 12.578616352201257
690 0.0004034080616248623 0.07463755514118091 300 9.090909090909092
700 0.00036576480298991987 0.12717198836951443 100 11.904761904761905
700 0.0003932374347450246 0.1090503308622095 200 12.048192771084336
700 0.00036142225921597065 0.0716818099587434 300 9.009009009009008
710 0.0003939385051084694 0.1227387118511748 100 12.345679012345679
710 0.000822491332683028 0.09990848801538664 200 11.494252873563218
710 0.0003335988214021213 0.06695172452555438 300 8.955223880597014
720 0.0005359670742555222 0.11670528294442041 100 12.82051282051282
720 0.0008037680151344625 0.08613588980705635 200 11.235955056179774
720 0.00033831482388346973 0.05652478947064367 300 8.90207715133531
730 0.00075760120172052 0.1154403169430681 100 13.333333333333334
730 0.0008753674863485522 0.07370004665925227 200 11.049723756906076
730 0.0003701124960563273 0.049414172281597606 300 8.875739644970412
740 0.0007827128124596043 0.11443260499839109 100 13.6986301369863
740 0.0008547106431045491 0.06390888279736766 200 10.92896174863388
740 0.00033611012326048177 0.04774373237580195 300 8.823529411764707
750 0.0007520343614714275 0.11579891219079382 100 14.08450704225352
750 0.0008073648922481885 0.055507154876613285 200 10.81081081081081
750 0.00032972134252585365 0.04646785451339813 300 8.746355685131194
760 0.0006236585856776883 0.1115098789486957 100 14.285714285714286
760 0.0007005055984234126 0.04819744480025877 200 10.58201058201058
760 0.00029137416124536966 0.0470830880477126 300 8.42696629213483
770 0.0005782608402535914 0.09599494069903632 100 14.08450704225352
770 0.000486457741401792 0.0504325807085128 200 8.928571428571427
780 0.00040503868177228975 0.09547870514903757 100 12.5
780 0.0004386664165946285 0.05413644699588896 200 8.032128514056224
790 0.001382322297151614 0.08992476603950998 100 10.416666666666664
790 0.0003805939086527273 0.04873437639760178 200 7.8125
800 0.0013286791441301277 0.05388218056081695 100 9.523809523809524
800 0.0003836860969962453 0.03879162186786383 200 7.633587786259541
810 0.0013068409034233607 0.028016982779080265 100 9.009009009009008
810 0.00037259965688502434 0.041735160838728816 200 7.462686567164179
820 0.0012189361583211469 0.023676924014049444 100 8.620689655172413
820 0.00039214037040506195 0.04972209597867864 200 7.2727272727272725
830 0.0011340669383836813 0.037010344612897775 100 8.130081300813007
830 0.0004504073443594059 0.062165278451503214 200 6.8259385665529
840 0.0009572669064355635 0.048858023055061844 100 6.211180124223602
850 0.0011070803920363655 0.06950759670167947 100 5.813953488372094
860 0.0009655530928044534 0.07973330038728728 100 5.882352941176471
870 0.0007141221669855082 0.06096381377513366 100 6.024096385542168
880 0.000889187270513134 0.07825283983297916 100 6.134969325153374
890 0.0008093545767337831 0.08144484995295853 100 6.211180124223602
900 0.0007712989785178909 0.07908081404215758 100 6.289308176100628
910 0.0007741921112005542 0.08481010021645358 100 6.329113924050633
920 0.0007535706159193016 0.0808242283580001 100 6.329113924050633
930 0.0006778024151826472 0.08076218739455612 100 6.289308176100628
940 0.0006494558847750756 0.08481125938096329 100 6.172839506172839
950 0.0006153489792113487 0.08480095348202589 100 5.882352941176471
960 0.0005115811745443445 0.06876398341780353 100 5.128205128205129
970 0.0005811430243700199 0.051031614808879106 100 4.405286343612334
